Result for digit 0
[ 117 -128 -128 -128 -128 -128 -128 -128 -118 -128]
Result for digit 1
[-128  124 -126 -128 -128 -128 -127 -128 -128 -128]
Result for digit 2
[-125 -128   78  -89 -128 -128 -123 -128 -127 -127]
Result for digit 3
[-126 -128 -107   95 -128 -126 -123 -127 -126 -127]
Result for digit 4
[-128 -128 -128 -128  127 -128 -128 -128 -128 -128]
Result for digit 5
[-128 -128 -128 -122 -127  119 -127 -128 -128 -128]
Result for digit 6
[-127 -128 -128 -128 -128 -128  127 -128 -128 -128]
Result for digit 7
[-127 -128 -127 -124 -128 -128 -128  120 -128 -127]
Result for digit 8
[-127 -128 -128 -128 -128 -128 -128 -128  126 -128]
Result for digit 9
[-128 -128 -127 -127 -128 -128 -128 -128 -128  126]
