50
50
50
52
52
52
52
55
55
55
55
55
55
55
55
58
58
58
58
59
59
59
59
60
60
60
60
61
61
61
61
62
62
62
62
64
64
64
64
67
67
67
67
68
68
68
68
68
68
68
69
69
69
69
69
69
69
69
71
71
71
71
70
70
70
70
72
72
72
72
72
72
72
72
72
72
72
72
74
74
74
74
74
74
74
74
74
74
74
75
75
75
75
77
77
77
77
77
77
77
77
79
79
79
79
80
80
80
80
82
82
82
82
84
84
84
84
84
84
84
84
85
85
85
85
87
87
87
87
88
88
88
89
89
89
89
89
89
89
89
91
91
91
91
92
92
92
92
91
91
91
91
92
92
92
92
94
94
94
94
94
94
94
94
95
95
95
95
94
94
94
94
95
95
95
96
96
96
96
96
96
96
96
97
97
97
97
98
98
98
98
97
97
97
97
99
99
99
99
98
98
98
98
98
98
98
98
99
99
99
99
99
99
99
99
99
99
99
99
100
100
100
100
100
100
100
100
100
100
100
100
100
100
100
101
101
101
101
102
102
102
102
101
101
101
101
102
102
102
102
102
102
102
102
101
101
101
101
102
102
102
102
100
100
100
101
101
101
101
101
101
101
101
99
99
99
99
99
99
99
99
100
100
100
100
97
97
97
97
98
98
98
98
97
97
97
97
97
97
97
97
97
97
97
97
96
96
96
96
96
96
96
97
97
97
97
94
94
94
94
95
95
95
95
93
93
93
93
94
94
94
94
95
95
95
95
92
92
92
92
92
92
92
92
93
93
93
93
91
91
91
91
91
91
91
88
88
88
88
88
88
88
88
88
88
88
88
86
86
86
86
86
86
86
86
87
87
87
87
83
83
83
83
83
83
83
83
80
80
80
80
80
80
80
80
80
80
80
76
76
76
76
77
77
77
77
77
77
77
77
74
74
74
74
74
74
74
74
71
71
71
71
71
71
71
71
72
72
72
72
68
68
68
68
68
68
68
68
68
68
68
65
65
65
65
65
65
65
65
61
61
61
61
61
61
61
61
62
62
62
62
59
59
59
59
58
58
58
58
58
58
58
58
55
55
55
55
56
56
56
56
52
52
52
52
52
52
52
53
53
53
53
50
50
50
50
50
50
50
50
50
50
50
50
50
50
50
50
47
47
47
47
47
47
47
47
43
43
43
43
43
43
43
43
44
44
44
40
40
40
40
40
40
40
40
41
41
41
41
37
37
37
37
38
38
38
38
34
34
34
34
33
33
33
33
34
34
34
34
31
31
31
31
31
31
31
31
31
31
31
31
27
27
27
28
28
28
28
25
25
25
25
25
25
25
25
26
26
26
26
22
22
22
22
22
22
22
22
23
23
23
23
19
19
19
19
19
19
19
19
16
16
16
16
17
17
17
17
17
17
17
14
14
14
14
15
15
15
15
14
14
14
14
10
10
10
10
11
11
11
11
8
8
8
8
11
11
11
11
11
11
11
11
7
7
7
7
8
8
8
10
10
10
10
8
8
8
8
8
8
8
8
4
4
4
4
4
4
4
4
7
7
7
7
3
3
3
3
4
4
4
4
5
5
5
5
1
1
1
1
3
3
3
0
0
0
0
0
0
0
0
1
1
1
1
0
0
0
0
0
0
0
0
0
0
0
0
-2
-2
-2
-2
-2
-2
-2
-2
-3
-3
-3
-3
-2
-2
-2
-2
-3
-3
-3
-3
-5
-5
-5
-5
-5
-5
-5
-3
-3
-3
-3
-5
-5
-5
-5
-5
-5
-5
-5
-5
-5
-5
-5
-3
-3
-3
-3
-2
-2
-2
-2
-2
-2
-2
-2
-2
-2
-2
-2
-2
-2
-2
-2
0
0
0
0
0
0
0
0
0
0
0
1
1
1
1
2
2
2
2
4
4
4
4
4
4
4
4
4
4
4
4
5
5
5
5
5
5
5
5
8
8
8
8
8
8
8
8
8
8
8
9
9
9
9
12
12
12
12
12
12
12
12
13
13
13
13
13
13
13
13
13
13
13
13
16
16
16
16
16
16
16
16
16
16
16
16
17
17
17
17
17
17
17
20
20
20
20
21
21
21
21
21
21
21
21
20
20
20
20
23
23
23
23
23
23
23
23
24
24
24
24
25
25
25
25
25
25
25
25
27
27
27
27
28
28
28
29
29
29
29
29
29
29
29
29
29
29
29
32
32
32
32
32
32
32
32
32
32
32
32
33
33
33
33
35
35
35
35
36
36
36
36
36
36
36
36
37
37
37
37
37
37
37
39
39
39
39
39
39
39
39
39
39
39
39
40
40
40
40
41
41
41
41
43
43
43
43
44
44
44
