-0.0469 0.1016
-0.0469 0.1016
-0.0469 0.1016
-0.0469 0.1016
-0.0469 0.1016
-0.0469 0.1016
-0.0469 0.1016
-0.0469 0.1016
-0.0547 0.1016
-0.0469 0.1016
-0.0469 0.1016
-0.0547 0.1016
-0.0547 0.1016
-0.0547 0.1016
-0.0547 0.1016
-0.0547 0.1016
-0.0547 0.1016
-0.0547 0.1016
-0.0547 0.1094
-0.0469 0.1094
-0.0391 0.1172
-0.0312 0.1250
-0.0156 0.1250
0.0078 0.1250
0.0312 0.1328
0.0469 0.1328
0.0703 0.1328
0.0859 0.1328
0.1016 0.1328
0.1172 0.1328
0.1250 0.1328
0.1328 0.1328
0.1484 0.1250
0.1641 0.1172
0.1719 0.1016
0.1875 0.0781
0.2031 0.0547
0.2188 0.0234
0.2266 -0.0156
0.2422 -0.0547
0.2422 -0.0938
0.2500 -0.1406
0.2500 -0.1797
0.2422 -0.2188
0.2344 -0.2578
0.2188 -0.2969
0.2031 -0.3281
0.1797 -0.3594
0.1562 -0.3828
0.1328 -0.3984
0.1094 -0.4141
0.0859 -0.4297
0.0625 -0.4297
0.0312 -0.4297
0.0078 -0.4297
-0.0156 -0.4297
-0.0391 -0.4219
-0.0547 -0.4062
-0.0781 -0.3906
-0.0938 -0.3750
-0.1094 -0.3516
-0.1250 -0.3203
-0.1406 -0.2969
-0.1484 -0.2656
-0.1562 -0.2344
-0.1641 -0.2031
-0.1719 -0.1719
-0.1719 -0.1328
-0.1719 -0.1016
-0.1719 -0.0703
-0.1641 -0.0391
-0.1562 -0.0078
-0.1484 0.0156
-0.1406 0.0469
-0.1328 0.0703
-0.1250 0.1016
-0.1094 0.1172
-0.1016 0.1406
-0.0938 0.1562
-0.0781 0.1719
-0.0703 0.1797
-0.0625 0.1875
-0.0547 0.1953
-0.0469 0.1953
-0.0469 0.1953
-0.0391 0.1953
-0.0312 0.1953
-0.0312 0.1953
-0.0234 0.1953
-0.0234 0.1953
-0.0234 0.1953
-0.0156 0.1953
-0.0156 0.1953
-0.0078 0.1953
-0.0078 0.1953
-0.0078 0.1953
-0.0078 0.1953
-0.0078 0.1953
-0.0078 0.1953
-0.0078 0.1953
-0.0078 0.1953
