0.0312 0.2422
0.0312 0.2422
0.0312 0.2422
0.0312 0.2422
0.0312 0.2422
0.0312 0.2344
0.0312 0.2344
0.0312 0.2344
0.0312 0.2344
0.0391 0.2344
0.0391 0.2422
0.0312 0.2422
0.0312 0.2422
0.0312 0.2344
0.0312 0.2344
0.0312 0.2344
0.0312 0.2344
0.0312 0.2266
0.0312 0.2266
0.0312 0.2188
0.0312 0.2109
0.0234 0.1953
0.0156 0.1797
0.0156 0.1562
0.0078 0.1328
0.0000 0.1094
0.0000 0.0781
-0.0078 0.0547
-0.0156 0.0234
-0.0156 -0.0078
-0.0234 -0.0391
-0.0234 -0.0703
-0.0312 -0.0938
-0.0312 -0.1250
-0.0312 -0.1484
-0.0391 -0.1641
-0.0391 -0.1797
-0.0391 -0.1953
-0.0391 -0.2109
-0.0391 -0.2188
-0.0312 -0.2266
-0.0312 -0.2266
-0.0312 -0.2344
-0.0234 -0.2344
-0.0234 -0.2344
-0.0234 -0.2422
-0.0234 -0.2422
-0.0234 -0.2422
-0.0234 -0.2422
-0.0234 -0.2422
-0.0156 -0.2422
-0.0156 -0.2422
-0.0156 -0.2422
-0.0156 -0.2422
-0.0156 -0.2422
-0.0156 -0.2344
-0.0156 -0.2344
-0.0156 -0.2344
