-0.0078 0.2031
-0.0078 0.2031
-0.0156 0.2031
-0.0156 0.2031
-0.0156 0.2031
-0.0234 0.2109
-0.0234 0.2109
-0.0234 0.2109
-0.0234 0.2109
-0.0234 0.2109
-0.0312 0.2109
-0.0312 0.2109
-0.0312 0.2109
-0.0312 0.2109
-0.0312 0.2109
-0.0391 0.2109
-0.0391 0.2188
-0.0391 0.2188
-0.0391 0.2188
-0.0469 0.2188
-0.0469 0.2188
-0.0469 0.2188
-0.0547 0.2188
-0.0547 0.2266
-0.0625 0.2188
-0.0391 0.2109
0.0078 0.1875
0.0703 0.1719
0.1406 0.1562
0.1875 0.1562
0.2109 0.1641
0.2109 0.1719
0.2109 0.1641
0.2109 0.1484
0.2109 0.1328
0.2031 0.1250
0.1953 0.1172
0.1953 0.1172
0.1875 0.1172
0.1875 0.1172
0.1797 0.1250
0.1797 0.1250
0.1719 0.1250
0.1562 0.1250
0.1484 0.1250
0.1406 0.1172
0.1406 0.1094
0.1328 0.1016
0.1250 0.0938
0.1172 0.0781
0.1094 0.0547
0.0938 0.0156
0.0625 -0.0547
0.0156 -0.1328
-0.0312 -0.2031
-0.0781 -0.2656
-0.1094 -0.2969
-0.1250 -0.3125
-0.1328 -0.3203
-0.1328 -0.3281
-0.1328 -0.3359
-0.1250 -0.3438
-0.1172 -0.3438
-0.1172 -0.3359
-0.1094 -0.3281
-0.1172 -0.3203
-0.1172 -0.3125
-0.1172 -0.3125
-0.1172 -0.3203
-0.1172 -0.3203
-0.1250 -0.3125
-0.1250 -0.3125
-0.1250 -0.3047
-0.1250 -0.3047
-0.1328 -0.3047
-0.1328 -0.2969
-0.1328 -0.2969
-0.1328 -0.2969
-0.1406 -0.2969
-0.1406 -0.2891
-0.1406 -0.2891
