0.0938 0.0469
0.0938 0.0469
0.0938 0.0469
0.0938 0.0469
0.0938 0.0469
0.0938 0.0391
0.0938 0.0391
0.0938 0.0391
0.0938 0.0391
0.0938 0.0391
0.0938 0.0391
0.0938 0.0312
0.0938 0.0312
0.0938 0.0312
0.0938 0.0312
0.0938 0.0234
0.0938 0.0234
0.0938 0.0156
0.0938 0.0078
0.0938 -0.0078
0.0859 -0.0234
0.0781 -0.0312
0.0625 -0.0469
0.0469 -0.0625
0.0312 -0.0703
0.0078 -0.0781
-0.0156 -0.0859
-0.0391 -0.0859
-0.0625 -0.0938
-0.0859 -0.0938
-0.1094 -0.0938
-0.1328 -0.0938
-0.1484 -0.0938
-0.1641 -0.0938
-0.1797 -0.0859
-0.1875 -0.0859
-0.1953 -0.0703
-0.1953 -0.0625
-0.1953 -0.0469
-0.1875 -0.0312
-0.1797 -0.0078
-0.1719 0.0156
-0.1562 0.0391
-0.1328 0.0703
-0.1094 0.1016
-0.0859 0.1328
-0.0547 0.1641
-0.0234 0.2031
0.0000 0.2344
0.0234 0.2578
0.0391 0.2812
0.0547 0.2969
0.0625 0.3047
0.0625 0.3047
0.0703 0.3047
0.0703 0.3047
0.0703 0.2969
0.0703 0.2891
0.0703 0.2812
0.0781 0.2734
0.0781 0.2656
0.0859 0.2578
0.0859 0.2422
0.0938 0.2266
0.1016 0.2109
0.1016 0.1953
0.1016 0.1719
0.0938 0.1406
0.0781 0.1016
0.0625 0.0547
0.0469 0.0000
0.0234 -0.0469
0.0078 -0.0859
-0.0078 -0.1172
-0.0156 -0.1484
-0.0234 -0.1641
-0.0312 -0.1797
-0.0391 -0.1875
-0.0391 -0.1953
-0.0391 -0.2031
-0.0469 -0.2031
-0.0469 -0.2031
-0.0469 -0.2031
-0.0469 -0.2031
-0.0391 -0.2031
-0.0391 -0.2031
-0.0391 -0.2031
-0.0391 -0.2109
-0.0391 -0.2109
-0.0391 -0.2109
-0.0391 -0.2109
-0.0391 -0.2109
-0.0391 -0.2109
-0.0469 -0.2109
-0.0391 -0.2109
-0.0391 -0.2109
-0.0391 -0.2031
-0.0391 -0.2031
