x, y, z
 -0.0376,  -0.9242,   0.3905
 -0.0347,  -0.9171,   0.2998
 -0.0328,  -0.9710,   0.3137
 -0.0261,  -0.9694,   0.3286
 -0.0121,  -0.9661,   0.3370
 -0.0078,  -0.9621,   0.3395
 -0.0089,  -0.9623,   0.3372
 -0.0085,  -0.9634,   0.3447
 -0.0024,  -0.9601,   0.3504
 -0.0007,  -0.9669,   0.3442
  0.0010,  -0.9707,   0.3311
  0.0000,  -0.9711,   0.3195
 -0.0007,  -0.9731,   0.3057
  0.0001,  -0.9734,   0.2931
  0.0082,  -0.9717,   0.2957
  0.0134,  -0.9718,   0.3045
  0.0142,  -0.9668,   0.3240
  0.0195,  -0.9629,   0.3370
  0.0190,  -0.9635,   0.3417
  0.0205,  -0.9619,   0.3406
  0.0258,  -0.9635,   0.3295
  0.0223,  -0.9657,   0.3118
  0.0133,  -0.9634,   0.2979
  0.0262,  -0.9701,   0.2876
  0.0282,  -0.9687,   0.2850
  0.0341,  -0.9680,   0.2976
  0.0239,  -0.9662,   0.3098
  0.0035,  -0.9701,   0.3226
 -0.0093,  -0.9688,   0.3263
 -0.0184,  -0.9733,   0.3201
 -0.0106,  -0.9737,   0.3200
  0.0018,  -0.9779,   0.3186
  0.0038,  -0.9721,   0.3191
  0.0029,  -0.9740,   0.3115
 -0.0020,  -0.9709,   0.3036
 -0.0010,  -0.9712,   0.3036
  0.0037,  -0.9737,   0.3159
  0.0082,  -0.9762,   0.3333
  0.0129,  -0.9735,   0.3445
  0.0125,  -0.9745,   0.3534
  0.0121,  -0.9763,   0.3523
  0.0057,  -0.9805,   0.3455
  0.0034,  -0.9868,   0.3324
 -0.0204,  -0.9850,   0.3319
 -0.0070,  -0.9832,   0.3375
 -0.0031,  -0.9800,   0.3438
  0.0065,  -0.9776,   0.3538
  0.0204,  -0.9774,   0.3616
  0.0146,  -0.9761,   0.3661
  0.0055,  -0.9737,   0.3673
 -0.0023,  -0.9735,   0.3715
 -0.0024,  -0.9746,   0.3715
  0.0050,  -0.9777,   0.3676
  0.0162,  -0.9817,   0.3717
  0.0243,  -0.9778,   0.3754
  0.0187,  -0.9760,   0.3932
  0.0148,  -0.9724,   0.3925
 -0.0013,  -0.9713,   0.3806
 -0.0142,  -0.9721,   0.3692
 -0.0192,  -0.9693,   0.3604
 -0.0077,  -0.9683,   0.3491
  0.0070,  -0.9717,   0.3374
  0.0306,  -0.9743,   0.3346
  0.0575,  -0.9739,   0.3429
  0.0726,  -0.9689,   0.3516
  0.0824,  -0.9701,   0.3588
  0.0687,  -0.9638,   0.3579
  0.0404,  -0.9624,   0.3421
  0.0115,  -0.9669,   0.3206
  0.0010,  -0.9635,   0.3084
 -0.0043,  -0.9617,   0.3030
 -0.0065,  -0.9635,   0.2921
 -0.0087,  -0.9645,   0.2749
  0.0116,  -0.9593,   0.2573
  0.0016,  -0.9651,   0.2418
  0.0028,  -0.9590,   0.2274
 -0.0032,  -0.9632,   0.2149
 -0.0182,  -0.9574,   0.2062
 -0.0303,  -0.9547,   0.1964
 -0.0282,  -0.9634,   0.1683
 -0.0190,  -0.9683,   0.1469
 -0.0050,  -0.9672,   0.1292
  0.0308,  -0.9574,   0.1122
  0.0331,  -0.9595,   0.0996
  0.0460,  -0.9566,   0.0841
  0.0410,  -0.9538,   0.0588
  0.0466,  -0.9645,   0.0352
  0.0535,  -0.9506,   0.0256
  0.0565,  -0.9472,   0.0342
 -0.0031,  -0.9633,   0.0282
 -0.0577,  -0.9554,   0.0079
 -0.0494,  -0.9193,   0.0443
 -0.0419,  -0.9280,   0.0678
 -0.0526,  -0.9112,   0.0597
 -0.0614,  -0.9232,   0.0585
 -0.0741,  -0.9074,   0.0560
 -0.0667,  -0.8732,   0.0455
 -0.0695,  -0.8926,   0.0277
 -0.0291,  -0.8939,   0.0444
 -0.0635,  -0.8655,   0.0776
 -0.0320,  -0.8412,   0.0907
  0.0101,  -0.8191,   0.1141
  0.0728,  -0.7710,   0.1301
  0.0577,  -0.7449,   0.1410
  0.0853,  -0.7356,   0.1477
  0.0223,  -0.7280,   0.1740
  0.0000,  -0.6677,   0.1928
 -0.0078,  -0.7079,   0.2655
 -0.0074,  -0.6843,   0.3435
 -0.0062,  -0.6658,   0.4243
  0.0526,  -0.6409,   0.4949
  0.1079,  -0.6127,   0.5477
  0.1534,  -0.6023,   0.5871
  0.1492,  -0.5842,   0.5967
  0.1354,  -0.5673,   0.5734
  0.0619,  -0.5995,   0.5311
  0.0106,  -0.5933,   0.4909
  0.0010,  -0.5828,   0.4749
 -0.0197,  -0.5817,   0.5056
 -0.0087,  -0.5587,   0.5600
  0.0189,  -0.5445,   0.6338
  0.0595,  -0.5239,   0.6881
  0.0819,  -0.5027,   0.7317
  0.0966,  -0.4917,   0.7361
  0.0907,  -0.5003,   0.7255
  0.1002,  -0.4861,   0.6898
  0.0997,  -0.4920,   0.6652
  0.0649,  -0.4983,   0.6442
  0.1011,  -0.4699,   0.6554
  0.0403,  -0.4800,   0.6887
 -0.0501,  -0.4635,   0.7310
 -0.1156,  -0.4856,   0.7776
 -0.1406,  -0.4976,   0.8396
 -0.2069,  -0.4837,   0.8836
 -0.1803,  -0.4651,   0.9578
 -0.2315,  -0.4429,   0.9788
 -0.2163,  -0.4201,   0.9617
 -0.2362,  -0.4266,   0.9298
 -0.2146,  -0.4371,   0.8981
 -0.2067,  -0.4569,   0.9052
 -0.1884,  -0.4697,   0.9521
 -0.1373,  -0.4096,   1.0263
 -0.1144,  -0.3790,   1.1012
 -0.0875,  -0.3695,   1.1514
 -0.0869,  -0.3578,   1.1805
 -0.0413,  -0.3460,   1.1845
 -0.0266,  -0.3162,   1.1657
 -0.0322,  -0.3159,   1.1509
 -0.0599,  -0.3008,   1.1839
 -0.0491,  -0.2671,   1.2246
 -0.0761,  -0.2485,   1.2796
 -0.0802,  -0.2418,   1.3295
 -0.0896,  -0.2224,   1.3818
  0.0607,  -0.2035,   1.4811
 -0.0797,  -0.2255,   1.4596
 -0.0355,  -0.1919,   1.4340
 -0.0127,  -0.1945,   1.4130
 -0.0513,  -0.2128,   1.3879
 -0.0610,  -0.2162,   1.3797
 -0.0992,  -0.2194,   1.3765
 -0.1426,  -0.2178,   1.3876
 -0.1624,  -0.2055,   1.4227
 -0.1559,  -0.1953,   1.4389
 -0.1406,  -0.1813,   1.4496
 -0.0671,  -0.1871,   1.4435
  0.0015,  -0.1903,   1.3998
  0.0234,  -0.1887,   1.3330
  0.0209,  -0.1923,   1.2585
 -0.0062,  -0.1925,   1.1835
 -0.0496,  -0.1961,   1.1348
 -0.0579,  -0.2051,   1.1204
 -0.0729,  -0.2017,   1.1055
 -0.0990,  -0.2075,   1.0816
 -0.0945,  -0.2097,   1.0360
 -0.0940,  -0.2100,   1.0074
 -0.0869,  -0.2056,   0.9920
 -0.0912,  -0.2061,   0.9784
 -0.0924,  -0.2039,   0.9781
 -0.0942,  -0.1976,   0.9894
 -0.0507,  -0.1957,   1.0192
 -0.0035,  -0.2029,   1.0563
  0.0082,  -0.1970,   1.0823
 -0.0050,  -0.1946,   1.0620
 -0.0089,  -0.1917,   1.0166
 -0.0237,  -0.1881,   0.9894
 -0.0486,  -0.1759,   0.9794
 -0.0508,  -0.1740,   0.9777
 -0.0521,  -0.1697,   0.9914
 -0.0184,  -0.1649,   1.0268
  0.0105,  -0.1570,   1.0739
  0.0458,  -0.1467,   1.1230
  0.0613,  -0.1410,   1.1540
  0.0736,  -0.1382,   1.1618
  0.0532,  -0.1421,   1.1372
  0.0409,  -0.1558,   1.0854
  0.0533,  -0.1567,   1.0269
  0.0649,  -0.1644,   0.9930
  0.0525,  -0.1690,   0.9750
  0.0143,  -0.1714,   0.9687
 -0.0239,  -0.1686,   0.9688
 -0.0463,  -0.1608,   0.9781
 -0.0761,  -0.1611,   0.9895
 -0.0962,  -0.1586,   0.9949
 -0.0811,  -0.1558,   0.9964
 -0.0585,  -0.1523,   1.0013
 -0.0452,  -0.1525,   1.0209
 -0.0311,  -0.1466,   1.0534
 -0.0142,  -0.1440,   1.0920
  0.0209,  -0.1416,   1.1286
  0.0433,  -0.1383,   1.1497
  0.0586,  -0.1386,   1.1603
  0.0688,  -0.1394,   1.1674
  0.0554,  -0.1411,   1.1631
  0.0411,  -0.1484,   1.1333
  0.0342,  -0.1533,   1.0963
  0.0214,  -0.1589,   1.0680
  0.0211,  -0.1587,   1.0559
  0.0139,  -0.1597,   1.0496
  0.0104,  -0.1609,   1.0454
  0.0234,  -0.1611,   1.0487
  0.0255,  -0.1610,   1.0591
  0.0271,  -0.1619,   1.0779
  0.0251,  -0.1550,   1.0960
  0.0188,  -0.1531,   1.1022
  0.0059,  -0.1559,   1.0872
  0.0100,  -0.1522,   1.0627
  0.0262,  -0.1536,   1.0398
  0.0306,  -0.1515,   1.0201
  0.0205,  -0.1576,   1.0117
  0.0078,  -0.1564,   1.0105
  0.0104,  -0.1563,   1.0087
  0.0104,  -0.1574,   1.0108
  0.0200,  -0.1505,   1.0144
  0.0115,  -0.1487,   1.0116
  0.0112,  -0.1493,   1.0138
  0.0150,  -0.1431,   1.0170
  0.0240,  -0.1422,   1.0221
  0.0341,  -0.1432,   1.0318
  0.0233,  -0.1458,   1.0409
  0.0127,  -0.1403,   1.0518
  0.0056,  -0.1442,   1.0509
 -0.0045,  -0.1453,   1.0493
 -0.0049,  -0.1429,   1.0461
 -0.0079,  -0.1454,   1.0435
  0.0016,  -0.1481,   1.0402
  0.0033,  -0.1494,   1.0314
  0.0038,  -0.1516,   1.0320
  0.0018,  -0.1491,   1.0298
  0.0133,  -0.1470,   1.0318
  0.0149,  -0.1517,   1.0373
  0.0115,  -0.1515,   1.0379
  0.0018,  -0.1522,   1.0362
 -0.0037,  -0.1508,   1.0341
 -0.0043,  -0.1498,   1.0336
 -0.0052,  -0.1536,   1.0342
  0.0039,  -0.1549,   1.0299
  0.0171,  -0.1534,   1.0282
  0.0212,  -0.1545,   1.0303
  0.0143,  -0.1519,   1.0280
 -0.0068,  -0.1523,   1.0221
 -0.0240,  -0.1492,   1.0186
 -0.0262,  -0.1538,   1.0199
 -0.0160,  -0.1515,   1.0309
 -0.0015,  -0.1476,   1.0402
  0.0050,  -0.1427,   1.0581
  0.0073,  -0.1416,   1.0718
  0.0114,  -0.1455,   1.0808
  0.0229,  -0.1465,   1.0824
  0.0309,  -0.1445,   1.0796
  0.0265,  -0.1442,   1.0728
  0.0210,  -0.1472,   1.0639
  0.0173,  -0.1523,   1.0518
  0.0138,  -0.1478,   1.0384
  0.0049,  -0.1483,   1.0253
 -0.0065,  -0.1497,   1.0158
 -0.0167,  -0.1469,   1.0137
 -0.0151,  -0.1492,   1.0175
 -0.0084,  -0.1498,   1.0157
 -0.0081,  -0.1489,   1.0171
 -0.0087,  -0.1491,   1.0224
 -0.0028,  -0.1464,   1.0271
 -0.0015,  -0.1499,   1.0253
 -0.0044,  -0.1495,   1.0222
 -0.0046,  -0.1519,   1.0199
  0.0018,  -0.1517,   1.0192
  0.0074,  -0.1533,   1.0128
  0.0042,  -0.1541,   1.0121
 -0.0084,  -0.1514,   1.0154
 -0.0232,  -0.1466,   1.0253
 -0.0219,  -0.1453,   1.0316
 -0.0150,  -0.1465,   1.0376
 -0.0074,  -0.1493,   1.0386
 -0.0067,  -0.1484,   1.0408
  0.0007,  -0.1476,   1.0408
  0.0109,  -0.1486,   1.0417
  0.0173,  -0.1495,   1.0393
  0.0123,  -0.1494,   1.0351
  0.0088,  -0.1512,   1.0353
  0.0023,  -0.1523,   1.0332
  0.0020,  -0.1519,   1.0352
  0.0081,  -0.1537,   1.0341
  0.0116,  -0.1536,   1.0356
  0.0103,  -0.1517,   1.0409
  0.0079,  -0.1505,   1.0432
 -0.0027,  -0.1502,   1.0448
 -0.0089,  -0.1512,   1.0431
 -0.0052,  -0.1506,   1.0403
 -0.0063,  -0.1492,   1.0359
 -0.0090,  -0.1500,   1.0346
 -0.0134,  -0.1522,   1.0274
 -0.0150,  -0.1511,   1.0235
 -0.0175,  -0.1493,   1.0222
 -0.0253,  -0.1478,   1.0196
 -0.0272,  -0.1486,   1.0231
 -0.0201,  -0.1505,   1.0298
 -0.0095,  -0.1526,   1.0446
  0.0011,  -0.1510,   1.0503
  0.0112,  -0.1539,   1.0479
  0.0164,  -0.1499,   1.0459
  0.0104,  -0.1467,   1.0472
 -0.0016,  -0.1466,   1.0445
 -0.0153,  -0.1482,   1.0404
 -0.0166,  -0.1456,   1.0404
 -0.0105,  -0.1461,   1.0429
 -0.0046,  -0.1505,   1.0393
 -0.0044,  -0.1531,   1.0369
 -0.0027,  -0.1502,   1.0367
 -0.0034,  -0.1542,   1.0327
 -0.0059,  -0.1525,   1.0321
 -0.0052,  -0.1502,   1.0305
 -0.0034,  -0.1517,   1.0282
 -0.0037,  -0.1536,   1.0210
 -0.0084,  -0.1512,   1.0188
 -0.0133,  -0.1522,   1.0190
 -0.0055,  -0.1520,   1.0211
 -0.0015,  -0.1515,   1.0273
 -0.0010,  -0.1505,   1.0391
  0.0043,  -0.1477,   1.0451
  0.0029,  -0.1486,   1.0470
  0.0093,  -0.1465,   1.0480
  0.0107,  -0.1480,   1.0453
  0.0082,  -0.1483,   1.0421
  0.0000,  -0.1492,   1.0393
 -0.0100,  -0.1527,   1.0347
 -0.0122,  -0.1558,   1.0324
 -0.0148,  -0.1536,   1.0318
 -0.0005,  -0.1525,   1.0320
  0.0060,  -0.1493,   1.0371
  0.0126,  -0.1504,   1.0423
  0.0087,  -0.1519,   1.0425
  0.0015,  -0.1508,   1.0358
 -0.0063,  -0.1509,   1.0275
 -0.0236,  -0.1500,   1.0233
 -0.0234,  -0.1519,   1.0251
 -0.0189,  -0.1549,   1.0290
 -0.0106,  -0.1504,   1.0334
  0.0026,  -0.1492,   1.0373
 -0.0006,  -0.1484,   1.0453
  0.0049,  -0.1493,   1.0512
  0.0037,  -0.1478,   1.0541
  0.0052,  -0.1484,   1.0522
  0.0012,  -0.1527,   1.0410
 -0.0048,  -0.1494,   1.0370
 -0.0072,  -0.1499,   1.0342
 -0.0073,  -0.1549,   1.0352
 -0.0095,  -0.1522,   1.0375
 -0.0060,  -0.1515,   1.0445
 -0.0085,  -0.1482,   1.0421
 -0.0050,  -0.1503,   1.0407
 -0.0117,  -0.1512,   1.0413
 -0.0106,  -0.1487,   1.0346
 -0.0197,  -0.1475,   1.0304
 -0.0172,  -0.1475,   1.0222
 -0.0079,  -0.1489,   1.0180
  0.0034,  -0.1520,   1.0192
  0.0089,  -0.1480,   1.0205
  0.0111,  -0.1537,   1.0246
  0.0114,  -0.1503,   1.0318
  0.0031,  -0.1495,   1.0373
 -0.0082,  -0.1506,   1.0354
 -0.0095,  -0.1495,   1.0327
 -0.0071,  -0.1526,   1.0299
 -0.0122,  -0.1478,   1.0295
 -0.0133,  -0.1494,   1.0312
 -0.0187,  -0.1480,   1.0323
 -0.0264,  -0.1493,   1.0303
 -0.0258,  -0.1509,   1.0312
 -0.0177,  -0.1514,   1.0359
 -0.0072,  -0.1521,   1.0425
  0.0020,  -0.1533,   1.0480
  0.0116,  -0.1539,   1.0453
  0.0151,  -0.1522,   1.0397
  0.0087,  -0.1523,   1.0352
 -0.0035,  -0.1527,   1.0313
 -0.0084,  -0.1534,   1.0290
 -0.0107,  -0.1541,   1.0281
 -0.0120,  -0.1539,   1.0313
 -0.0056,  -0.1531,   1.0364
 -0.0082,  -0.1510,   1.0423
 -0.0112,  -0.1508,   1.0436
 -0.0140,  -0.1491,   1.0430
 -0.0052,  -0.1487,   1.0424
  0.0006,  -0.1492,   1.0381
  0.0006,  -0.1488,   1.0308
 -0.0040,  -0.1494,   1.0299
 -0.0052,  -0.1500,   1.0258
 -0.0018,  -0.1530,   1.0238
 -0.0022,  -0.1539,   1.0255
 -0.0020,  -0.1497,   1.0263
 -0.0078,  -0.1525,   1.0263
 -0.0187,  -0.1541,   1.0226
 -0.0208,  -0.1461,   1.0207
 -0.0112,  -0.1528,   1.0202
 -0.0040,  -0.1470,   1.0246
 -0.0027,  -0.1481,   1.0324
 -0.0037,  -0.1459,   1.0380
 -0.0043,  -0.1449,   1.0401
 -0.0101,  -0.1432,   1.0451
 -0.0068,  -0.1401,   1.0515
 -0.0052,  -0.1438,   1.0537
 -0.0018,  -0.1456,   1.0501
  0.0046,  -0.1453,   1.0513
  0.0114,  -0.1497,   1.0474
  0.0095,  -0.1521,   1.0467
  0.0143,  -0.1536,   1.0453
  0.0100,  -0.1560,   1.0370
  0.0067,  -0.1561,   1.0292
  0.0001,  -0.1549,   1.0303
 -0.0055,  -0.1566,   1.0297
 -0.0150,  -0.1556,   1.0280
 -0.0214,  -0.1509,   1.0249
 -0.0308,  -0.1510,   1.0275
 -0.0359,  -0.1475,   1.0354
 -0.0306,  -0.1465,   1.0407
 -0.0170,  -0.1478,   1.0432
 -0.0052,  -0.1470,   1.0437
  0.0006,  -0.1466,   1.0419
 -0.0011,  -0.1477,   1.0382
  0.0001,  -0.1494,   1.0302
 -0.0011,  -0.1481,   1.0305
 -0.0006,  -0.1486,   1.0313
 -0.0040,  -0.1508,   1.0342
 -0.0099,  -0.1470,   1.0385
 -0.0189,  -0.1477,   1.0417
 -0.0270,  -0.1481,   1.0392
 -0.0216,  -0.1489,   1.0382
 -0.0121,  -0.1508,   1.0441
 -0.0033,  -0.1489,   1.0474
  0.0073,  -0.1499,   1.0508
  0.0054,  -0.1493,   1.0528
  0.0056,  -0.1460,   1.0512
 -0.0012,  -0.1492,   1.0437
 -0.0125,  -0.1475,   1.0331
 -0.0157,  -0.1480,   1.0266
 -0.0148,  -0.1511,   1.0214
 -0.0066,  -0.1503,   1.0174
 -0.0022,  -0.1517,   1.0179
 -0.0050,  -0.1509,   1.0215
 -0.0088,  -0.1510,   1.0222
 -0.0139,  -0.1514,   1.0284
 -0.0266,  -0.1467,   1.0334
 -0.0171,  -0.1500,   1.0321
 -0.0160,  -0.1445,   1.0380
 -0.0040,  -0.1433,   1.0413
  0.0016,  -0.1493,   1.0489
 -0.0020,  -0.1467,   1.0515
  0.0005,  -0.1436,   1.0533
  0.0009,  -0.1494,   1.0498
 -0.0033,  -0.1492,   1.0431
 -0.0052,  -0.1498,   1.0353
 -0.0044,  -0.1486,   1.0254
 -0.0062,  -0.1560,   1.0174
 -0.0061,  -0.1564,   1.0143
 -0.0099,  -0.1555,   1.0152
 -0.0094,  -0.1545,   1.0105
 -0.0062,  -0.1532,   1.0076
 -0.0083,  -0.1480,   1.0183
 -0.0136,  -0.1515,   1.0297
 -0.0151,  -0.1502,   1.0371
 -0.0165,  -0.1471,   1.0450
 -0.0137,  -0.1489,   1.0476
 -0.0099,  -0.1487,   1.0513
 -0.0066,  -0.1497,   1.0550
  0.0013,  -0.1519,   1.0559
 -0.0026,  -0.1533,   1.0484
 -0.0001,  -0.1511,   1.0476
  0.0068,  -0.1495,   1.0486
  0.0059,  -0.1498,   1.0470
 -0.0023,  -0.1517,   1.0418
 -0.0104,  -0.1536,   1.0393
 -0.0176,  -0.1536,   1.0379
 -0.0138,  -0.1527,   1.0309
 -0.0090,  -0.1528,   1.0243
 -0.0012,  -0.1530,   1.0210
  0.0040,  -0.1500,   1.0226
 -0.0037,  -0.1466,   1.0254
 -0.0077,  -0.1484,   1.0285
 -0.0199,  -0.1465,   1.0364
 -0.0221,  -0.1512,   1.0373
 -0.0138,  -0.1519,   1.0299
 -0.0020,  -0.1506,   1.0269
  0.0031,  -0.1517,   1.0248
  0.0048,  -0.1534,   1.0186
  0.0042,  -0.1533,   1.0181
