x, y, z
  0.0464,  -0.8941,   0.4038
  0.1134,  -0.8888,   0.2925
  0.1421,  -0.9467,   0.3121
  0.1619,  -0.9534,   0.3137
  0.1591,  -0.9593,   0.3212
  0.1572,  -0.9494,   0.3370
  0.1515,  -0.9412,   0.3539
  0.1246,  -0.9364,   0.3811
  0.1233,  -0.9312,   0.4185
  0.1321,  -0.9221,   0.4374
  0.1563,  -0.9234,   0.4395
  0.1729,  -0.9237,   0.4351
  0.1809,  -0.9285,   0.4249
  0.1777,  -0.9375,   0.4048
  0.1776,  -0.9507,   0.3805
  0.2072,  -0.9567,   0.3698
  0.2441,  -0.9606,   0.3606
  0.2484,  -0.9648,   0.3746
  0.2465,  -0.9579,   0.4097
  0.2273,  -0.9474,   0.4433
  0.1950,  -0.9428,   0.4624
  0.1570,  -0.9389,   0.4713
  0.1149,  -0.9355,   0.4619
  0.0881,  -0.9422,   0.4281
  0.1058,  -0.9528,   0.3866
  0.1195,  -0.9656,   0.3506
  0.0892,  -0.9679,   0.3352
  0.0580,  -0.9772,   0.3103
  0.0240,  -0.9899,   0.2899
 -0.0189,  -0.9953,   0.2897
 -0.0586,  -0.9953,   0.2944
 -0.1024,  -0.9962,   0.2935
 -0.1251,  -0.9987,   0.3051
 -0.1174,  -0.9905,   0.3128
 -0.1010,  -0.9955,   0.3071
 -0.0696,  -1.0002,   0.3014
 -0.0385,  -0.9970,   0.3042
 -0.0497,  -1.0005,   0.3015
 -0.0692,  -1.0055,   0.2924
 -0.0702,  -1.0069,   0.2842
 -0.0813,  -1.0126,   0.2700
 -0.0874,  -1.0157,   0.2620
 -0.0792,  -1.0161,   0.2594
 -0.0740,  -1.0164,   0.2609
 -0.0670,  -1.0149,   0.2609
 -0.0635,  -1.0215,   0.2609
 -0.0577,  -1.0188,   0.2653
 -0.0552,  -1.0235,   0.2738
 -0.0720,  -1.0108,   0.3025
 -0.0820,  -0.9964,   0.3300
 -0.1073,  -0.9839,   0.3386
 -0.1111,  -0.9744,   0.3411
 -0.1145,  -0.9663,   0.3463
 -0.1085,  -0.9622,   0.3458
 -0.0901,  -0.9615,   0.3344
 -0.0790,  -0.9630,   0.3152
 -0.0942,  -0.9689,   0.2915
 -0.1021,  -0.9716,   0.2673
 -0.1091,  -0.9811,   0.2441
 -0.1104,  -0.9910,   0.2286
 -0.1119,  -0.9934,   0.2332
 -0.1095,  -0.9989,   0.2412
 -0.1146,  -0.9994,   0.2383
 -0.1111,  -1.0093,   0.2405
 -0.1178,  -1.0127,   0.2473
 -0.1008,  -1.0229,   0.2550
 -0.0781,  -1.0338,   0.2638
 -0.0637,  -1.0371,   0.2800
 -0.0584,  -1.0525,   0.2930
 -0.0768,  -1.0674,   0.2922
 -0.0911,  -1.0874,   0.2871
 -0.1367,  -1.1020,   0.2824
 -0.1664,  -1.1223,   0.2822
 -0.1752,  -1.1208,   0.3046
 -0.2284,  -1.1082,   0.3468
 -0.2933,  -1.1060,   0.3954
 -0.3355,  -1.0960,   0.4321
 -0.3530,  -1.0843,   0.4577
 -0.3753,  -1.0766,   0.4506
 -0.3881,  -1.0679,   0.4374
 -0.4187,  -1.0598,   0.4209
 -0.4735,  -1.0564,   0.3875
 -0.5131,  -1.0391,   0.3764
 -0.5313,  -1.0076,   0.3764
 -0.5668,  -0.9909,   0.3595
 -0.5973,  -0.9658,   0.3366
 -0.5990,  -0.9386,   0.3347
 -0.5851,  -0.9022,   0.3331
 -0.5637,  -0.8606,   0.3359
 -0.5241,  -0.8272,   0.3258
 -0.4712,  -0.8136,   0.3047
 -0.4395,  -0.7801,   0.2957
 -0.4220,  -0.7503,   0.2941
 -0.3823,  -0.7228,   0.2975
 -0.3637,  -0.6839,   0.2918
 -0.3052,  -0.6795,   0.2703
 -0.2929,  -0.6729,   0.2162
 -0.2800,  -0.6821,   0.1620
 -0.2562,  -0.6530,   0.1342
 -0.1605,  -0.6444,   0.1317
 -0.1278,  -0.6148,   0.1514
 -0.0851,  -0.5922,   0.1888
 -0.0887,  -0.5551,   0.2467
 -0.0217,  -0.5259,   0.2716
  0.0015,  -0.5274,   0.2714
  0.0723,  -0.5335,   0.2888
  0.1571,  -0.5188,   0.3110
  0.2133,  -0.5142,   0.3118
  0.2709,  -0.5291,   0.3043
  0.2925,  -0.5252,   0.2825
  0.3098,  -0.5329,   0.2532
  0.3135,  -0.5451,   0.2629
  0.3599,  -0.5123,   0.2958
  0.3867,  -0.5123,   0.3317
  0.4264,  -0.5283,   0.3638
  0.4357,  -0.5302,   0.3927
  0.4412,  -0.5318,   0.4043
  0.4537,  -0.5403,   0.3882
  0.4883,  -0.5507,   0.3801
  0.5575,  -0.5645,   0.3956
  0.5768,  -0.5653,   0.4586
  0.6173,  -0.5523,   0.5208
  0.6677,  -0.5741,   0.5449
  0.7152,  -0.5908,   0.5613
  0.7505,  -0.6013,   0.5574
  0.7201,  -0.6091,   0.5427
  0.6977,  -0.6142,   0.5022
  0.6703,  -0.6220,   0.4498
  0.6504,  -0.6245,   0.4068
  0.6345,  -0.6414,   0.3998
  0.6040,  -0.6371,   0.4473
  0.5952,  -0.6316,   0.5006
  0.5600,  -0.6189,   0.5429
  0.4927,  -0.6128,   0.5939
  0.4038,  -0.5995,   0.6411
  0.3257,  -0.6023,   0.6520
  0.2307,  -0.6083,   0.6456
  0.1473,  -0.6276,   0.6554
  0.0758,  -0.6598,   0.6671
  0.0664,  -0.6862,   0.6961
  0.0580,  -0.6724,   0.8562
  0.0447,  -0.6918,   0.8399
  0.0754,  -0.7040,   0.8064
  0.0581,  -0.7095,   0.8872
  0.0581,  -0.7464,   0.8942
  0.0929,  -0.7661,   0.9076
  0.1477,  -0.7833,   0.9335
  0.2009,  -0.7810,   0.9939
  0.2401,  -0.7827,   1.0678
  0.2603,  -0.8057,   1.1816
  0.2390,  -0.8050,   1.3373
  0.2051,  -0.8007,   1.4563
  0.2174,  -0.7947,   1.5185
  0.2229,  -0.7980,   1.5207
  0.2336,  -0.8332,   1.4626
  0.2828,  -0.8523,   1.3902
  0.3364,  -0.8787,   1.2996
  0.3344,  -0.8545,   1.2577
  0.2886,  -0.8374,   1.2393
  0.2848,  -0.8469,   1.1695
  0.3574,  -0.8520,   1.0874
  0.4277,  -0.8408,   1.0147
  0.4860,  -0.8228,   0.9590
  0.5071,  -0.7903,   0.9279
  0.4949,  -0.7359,   0.9597
  0.4282,  -0.6857,   1.0126
  0.3523,  -0.6409,   1.1045
  0.2666,  -0.6024,   1.1938
  0.2326,  -0.5894,   1.2054
  0.2210,  -0.5862,   1.1852
  0.1995,  -0.5893,   1.1682
  0.1477,  -0.5790,   1.1762
  0.1028,  -0.5600,   1.2130
  0.0597,  -0.5554,   1.2470
  0.0045,  -0.5455,   1.2967
 -0.0464,  -0.5488,   1.3230
 -0.1000,  -0.5775,   1.3139
 -0.1284,  -0.6005,   1.2852
 -0.1454,  -0.6207,   1.2416
 -0.1583,  -0.6288,   1.2068
 -0.1832,  -0.6306,   1.1928
 -0.2393,  -0.6416,   1.1674
 -0.2543,  -0.6510,   1.1650
 -0.2953,  -0.6492,   1.2051
 -0.3773,  -0.6376,   1.2724
 -0.4494,  -0.6267,   1.3346
 -0.4673,  -0.6192,   1.3637
 -0.4699,  -0.6093,   1.3772
 -0.4530,  -0.6120,   1.3654
 -0.4164,  -0.6072,   1.3515
 -0.3922,  -0.6032,   1.3168
 -0.3805,  -0.6140,   1.2835
 -0.3773,  -0.6068,   1.2671
 -0.3804,  -0.6055,   1.2375
 -0.4115,  -0.6072,   1.2022
 -0.4290,  -0.5960,   1.1602
 -0.4489,  -0.6128,   1.1149
 -0.4916,  -0.6104,   1.1101
 -0.5322,  -0.6071,   1.1203
 -0.5592,  -0.6223,   1.1275
 -0.5965,  -0.6327,   1.1325
 -0.5929,  -0.6409,   1.1055
 -0.6035,  -0.6613,   1.0514
 -0.6319,  -0.6537,   1.0233
 -0.6699,  -0.6360,   0.9877
 -0.6768,  -0.6207,   0.9361
 -0.6489,  -0.6190,   0.8695
 -0.5847,  -0.6273,   0.7935
 -0.5523,  -0.6498,   0.7514
 -0.5647,  -0.6421,   0.7477
 -0.5695,  -0.6372,   0.7396
 -0.5885,  -0.6088,   0.7403
 -0.6309,  -0.5758,   0.7458
 -0.6764,  -0.5608,   0.7416
 -0.7193,  -0.5525,   0.7329
 -0.7472,  -0.5508,   0.7565
 -0.7604,  -0.5203,   0.7951
 -0.7570,  -0.5106,   0.7947
 -0.7345,  -0.5089,   0.7721
 -0.6936,  -0.5108,   0.7289
 -0.6270,  -0.5258,   0.6574
 -0.5708,  -0.5381,   0.5890
 -0.5153,  -0.5611,   0.5205
 -0.4811,  -0.5828,   0.4673
 -0.4672,  -0.5850,   0.4599
 -0.4551,  -0.5789,   0.4772
 -0.4269,  -0.5706,   0.4964
 -0.3673,  -0.5733,   0.5169
 -0.2985,  -0.5681,   0.5227
 -0.2427,  -0.5607,   0.5286
 -0.2056,  -0.5623,   0.5320
 -0.1947,  -0.5779,   0.5336
 -0.2000,  -0.5763,   0.5247
 -0.2050,  -0.5851,   0.4808
 -0.2250,  -0.5982,   0.4356
 -0.2534,  -0.5914,   0.4048
 -0.2708,  -0.5997,   0.3637
 -0.2738,  -0.6096,   0.3305
 -0.2680,  -0.6063,   0.3219
 -0.2521,  -0.5949,   0.3226
 -0.2136,  -0.6019,   0.3333
 -0.1901,  -0.5934,   0.3574
 -0.1791,  -0.5955,   0.3628
 -0.1738,  -0.6023,   0.3504
 -0.1657,  -0.5977,   0.3355
 -0.1333,  -0.5978,   0.3162
 -0.0842,  -0.5968,   0.3052
 -0.0298,  -0.5932,   0.2997
  0.0172,  -0.5968,   0.2910
  0.0782,  -0.6027,   0.2810
  0.1392,  -0.6082,   0.2871
  0.1737,  -0.6149,   0.2946
  0.1957,  -0.6234,   0.3069
  0.2170,  -0.6301,   0.3115
  0.2266,  -0.6449,   0.3129
  0.2380,  -0.6605,   0.3175
  0.2400,  -0.6699,   0.3399
  0.2391,  -0.6836,   0.3585
  0.2297,  -0.6974,   0.3823
  0.2144,  -0.7103,   0.3999
  0.2011,  -0.7291,   0.4020
  0.1720,  -0.7631,   0.3779
  0.1647,  -0.8041,   0.3364
  0.1821,  -0.8373,   0.2954
  0.1930,  -0.8623,   0.2792
  0.2062,  -0.8828,   0.2728
  0.2488,  -0.9086,   0.2721
  0.2909,  -0.9329,   0.2753
  0.3164,  -0.9595,   0.2659
  0.3287,  -0.9766,   0.2658
  0.3240,  -0.9857,   0.2798
  0.3104,  -0.9987,   0.2959
  0.3095,  -1.0125,   0.3003
  0.3135,  -1.0304,   0.3187
  0.3234,  -1.0310,   0.3527
  0.3314,  -1.0332,   0.3894
  0.3327,  -1.0243,   0.4358
  0.3222,  -1.0115,   0.4840
  0.3030,  -0.9970,   0.5321
  0.2782,  -0.9861,   0.5701
  0.2627,  -0.9927,   0.5956
  0.2673,  -0.9898,   0.6049
  0.2564,  -0.9882,   0.5994
  0.2360,  -0.9859,   0.5945
  0.2085,  -0.9761,   0.5925
  0.1903,  -0.9715,   0.5886
  0.1644,  -0.9613,   0.5961
  0.1282,  -0.9512,   0.6109
  0.0912,  -0.9492,   0.6203
  0.0714,  -0.9450,   0.6245
  0.0553,  -0.9475,   0.6214
  0.0376,  -0.9457,   0.6059
  0.0259,  -0.9490,   0.5768
  0.0190,  -0.9501,   0.5403
  0.0211,  -0.9523,   0.5048
  0.0111,  -0.9505,   0.4780
 -0.0032,  -0.9473,   0.4662
 -0.0210,  -0.9440,   0.4570
 -0.0326,  -0.9466,   0.4446
 -0.0327,  -0.9471,   0.4323
 -0.0264,  -0.9481,   0.4132
 -0.0267,  -0.9545,   0.3825
 -0.0347,  -0.9596,   0.3731
 -0.0504,  -0.9511,   0.3812
 -0.0663,  -0.9414,   0.3838
 -0.0923,  -0.9379,   0.3776
 -0.1006,  -0.9374,   0.3665
 -0.1003,  -0.9356,   0.3543
 -0.1008,  -0.9331,   0.3495
 -0.1128,  -0.9323,   0.3515
 -0.1323,  -0.9370,   0.3466
 -0.1318,  -0.9359,   0.3320
 -0.1293,  -0.9396,   0.3228
 -0.1239,  -0.9335,   0.3236
 -0.1095,  -0.9324,   0.3222
 -0.0770,  -0.9303,   0.3261
 -0.0419,  -0.9267,   0.3375
 -0.0293,  -0.9252,   0.3458
 -0.0160,  -0.9219,   0.3524
 -0.0055,  -0.9187,   0.3523
 -0.0051,  -0.9175,   0.3587
  0.0044,  -0.9168,   0.3655
  0.0177,  -0.9182,   0.3788
  0.0397,  -0.9113,   0.3916
  0.0389,  -0.9153,   0.3981
  0.0323,  -0.9158,   0.3997
  0.0234,  -0.9174,   0.3998
  0.0074,  -0.9226,   0.3956
 -0.0001,  -0.9300,   0.3865
 -0.0054,  -0.9369,   0.3711
 -0.0107,  -0.9422,   0.3668
 -0.0227,  -0.9416,   0.3779
 -0.0381,  -0.9381,   0.3898
 -0.0483,  -0.9366,   0.3984
 -0.0422,  -0.9323,   0.4049
 -0.0308,  -0.9341,   0.4080
 -0.0302,  -0.9300,   0.4129
 -0.0380,  -0.9301,   0.4172
 -0.0349,  -0.9265,   0.4216
 -0.0225,  -0.9275,   0.4168
 -0.0098,  -0.9291,   0.4126
  0.0054,  -0.9315,   0.4085
  0.0178,  -0.9333,   0.4180
  0.0276,  -0.9276,   0.4351
  0.0219,  -0.9273,   0.4494
  0.0242,  -0.9279,   0.4564
  0.0280,  -0.9303,   0.4536
  0.0387,  -0.9320,   0.4530
  0.0454,  -0.9331,   0.4498
  0.0522,  -0.9402,   0.4406
  0.0621,  -0.9418,   0.4264
  0.0792,  -0.9473,   0.4170
  0.0737,  -0.9462,   0.4176
  0.0553,  -0.9497,   0.4275
  0.0341,  -0.9444,   0.4458
  0.0139,  -0.9412,   0.4606
 -0.0116,  -0.9412,   0.4690
 -0.0269,  -0.9380,   0.4714
 -0.0389,  -0.9375,   0.4675
 -0.0417,  -0.9350,   0.4617
 -0.0287,  -0.9358,   0.4544
 -0.0156,  -0.9370,   0.4395
  0.0034,  -0.9363,   0.4315
  0.0214,  -0.9329,   0.4309
  0.0205,  -0.9293,   0.4404
  0.0073,  -0.9325,   0.4472
 -0.0072,  -0.9315,   0.4530
 -0.0253,  -0.9286,   0.4533
 -0.0326,  -0.9258,   0.4511
 -0.0382,  -0.9262,   0.4417
 -0.0328,  -0.9285,   0.4320
 -0.0236,  -0.9302,   0.4223
 -0.0067,  -0.9315,   0.4177
  0.0002,  -0.9314,   0.4180
  0.0061,  -0.9290,   0.4169
  0.0067,  -0.9302,   0.4175
  0.0005,  -0.9279,   0.4229
 -0.0043,  -0.9229,   0.4287
 -0.0013,  -0.9246,   0.4262
  0.0092,  -0.9235,   0.4192
  0.0220,  -0.9184,   0.4197
  0.0248,  -0.9185,   0.4151
  0.0299,  -0.9179,   0.4093
  0.0345,  -0.9201,   0.4065
  0.0392,  -0.9246,   0.3972
  0.0387,  -0.9297,   0.3911
  0.0358,  -0.9350,   0.3888
  0.0248,  -0.9347,   0.4020
  0.0081,  -0.9293,   0.4174
 -0.0052,  -0.9234,   0.4232
 -0.0084,  -0.9230,   0.4170
 -0.0072,  -0.9283,   0.4054
 -0.0017,  -0.9300,   0.3922
  0.0128,  -0.9330,   0.3790
  0.0232,  -0.9444,   0.3739
  0.0410,  -0.9456,   0.3777
  0.0398,  -0.9456,   0.3970
  0.0286,  -0.9429,   0.4175
  0.0100,  -0.9367,   0.4398
 -0.0110,  -0.9326,   0.4566
 -0.0229,  -0.9303,   0.4591
 -0.0210,  -0.9300,   0.4572
 -0.0171,  -0.9331,   0.4561
 -0.0085,  -0.9341,   0.4545
 -0.0044,  -0.9290,   0.4602
 -0.0021,  -0.9314,   0.4696
 -0.0153,  -0.9309,   0.4779
 -0.0197,  -0.9289,   0.4890
 -0.0256,  -0.9286,   0.4856
 -0.0190,  -0.9314,   0.4669
 -0.0159,  -0.9350,   0.4451
 -0.0099,  -0.9348,   0.4247
 -0.0038,  -0.9375,   0.4071
  0.0104,  -0.9394,   0.3969
  0.0217,  -0.9402,   0.3921
  0.0352,  -0.9411,   0.3934
  0.0472,  -0.9409,   0.3964
  0.0507,  -0.9416,   0.3961
  0.0402,  -0.9419,   0.3992
  0.0338,  -0.9400,   0.4072
  0.0262,  -0.9366,   0.4087
  0.0165,  -0.9401,   0.4081
  0.0132,  -0.9372,   0.4100
  0.0221,  -0.9318,   0.4192
  0.0288,  -0.9289,   0.4274
  0.0295,  -0.9270,   0.4379
  0.0355,  -0.9259,   0.4423
  0.0427,  -0.9276,   0.4433
  0.0425,  -0.9281,   0.4409
  0.0371,  -0.9283,   0.4422
  0.0319,  -0.9298,   0.4404
  0.0233,  -0.9320,   0.4413
  0.0173,  -0.9285,   0.4456
  0.0120,  -0.9281,   0.4478
  0.0164,  -0.9284,   0.4469
  0.0189,  -0.9268,   0.4458
  0.0139,  -0.9261,   0.4454
  0.0132,  -0.9240,   0.4490
  0.0121,  -0.9235,   0.4451
  0.0126,  -0.9248,   0.4422
  0.0050,  -0.9239,   0.4371
 -0.0098,  -0.9250,   0.4269
 -0.0173,  -0.9254,   0.4185
 -0.0197,  -0.9248,   0.4166
 -0.0195,  -0.9269,   0.4104
 -0.0105,  -0.9308,   0.4057
 -0.0034,  -0.9309,   0.4036
  0.0121,  -0.9346,   0.4017
  0.0043,  -0.9326,   0.4048
 -0.0028,  -0.9302,   0.4069
 -0.0083,  -0.9254,   0.4130
 -0.0188,  -0.9291,   0.4088
 -0.0192,  -0.9302,   0.4019
 -0.0187,  -0.9326,   0.3995
 -0.0129,  -0.9378,   0.3963
 -0.0074,  -0.9398,   0.3991
 -0.0057,  -0.9380,   0.4059
 -0.0032,  -0.9326,   0.4187
 -0.0071,  -0.9307,   0.4308
 -0.0042,  -0.9234,   0.4474
 -0.0033,  -0.9221,   0.4590
 -0.0076,  -0.9269,   0.4616
 -0.0059,  -0.9275,   0.4628
  0.0042,  -0.9303,   0.4501
  0.0099,  -0.9315,   0.4379
  0.0148,  -0.9340,   0.4258
  0.0160,  -0.9350,   0.4119
  0.0150,  -0.9323,   0.4116
  0.0089,  -0.9303,   0.4201
  0.0087,  -0.9285,   0.4354
  0.0127,  -0.9311,   0.4331
  0.0155,  -0.9347,   0.4317
  0.0234,  -0.9347,   0.4314
  0.0269,  -0.9347,   0.4343
  0.0278,  -0.9346,   0.4318
  0.0326,  -0.9334,   0.4306
  0.0376,  -0.9330,   0.4288
  0.0470,  -0.9326,   0.4321
  0.0518,  -0.9309,   0.4403
  0.0367,  -0.9253,   0.4539
  0.0168,  -0.9214,   0.4647
  0.0044,  -0.9221,   0.4618
 -0.0040,  -0.9190,   0.4575
 -0.0085,  -0.9231,   0.4458
 -0.0056,  -0.9262,   0.4303
 -0.0011,  -0.9336,   0.4168
  0.0057,  -0.9383,   0.4072
  0.0098,  -0.9384,   0.3978
  0.0132,  -0.9405,   0.3931
  0.0143,  -0.9383,   0.3925
  0.0087,  -0.9350,   0.3974
  0.0015,  -0.9287,   0.4061
  0.0009,  -0.9239,   0.4181
 -0.0021,  -0.9213,   0.4264
 -0.0100,  -0.9198,   0.4331
 -0.0084,  -0.9189,   0.4340
 -0.0046,  -0.9210,   0.4326
 -0.0006,  -0.9253,   0.4292
  0.0009,  -0.9289,   0.4234
  0.0028,  -0.9339,   0.4177
  0.0000,  -0.9340,   0.4163
 -0.0051,  -0.9328,   0.4169
 -0.0110,  -0.9323,   0.4247
 -0.0172,  -0.9280,   0.4357
