x, y, z
 69.1549, -70.2536, -68.7277
281.9910,  28.1991, 113.8951
337.8399, -167.3025,  26.4901
 80.2637, -96.8047, -18.4332
  2.8687,  -4.1505,  -2.7467
  2.5636,  -2.8687,  -2.8687
  2.8687,  -2.0142,  -3.0519
  3.0519,  -1.0987,  -3.2350
  3.0519,  -1.0987,  -3.2960
  2.8687,  -2.3804,  -3.4181
  2.6856,  -3.9674,  -3.6622
  2.5025,  -4.6999,  -3.8453
  2.3804,  -4.5778,  -3.7843
  2.3194,  -3.7233,  -3.7233
  2.6246,  -3.9064,  -3.8453
  2.9298,  -5.1271,  -3.7843
  3.2960,  -6.2258,  -3.8453
  3.7233,  -6.5920,  -3.9064
  4.1505,  -5.6764,  -3.7843
  4.6999,  -4.5167,  -3.4181
  5.0050,  -3.6012,  -3.1129
  5.0050,  -3.2350,  -2.6856
  4.8830,  -2.7467,  -2.1363
  4.6999,  -3.2960,  -1.7090
  4.8219,  -4.2726,  -1.0987
  4.8830,  -4.2116,  -0.6104
  4.8830,  -3.0519,  -0.1221
  4.8830,  -1.9532,   0.3052
  4.6999,  -1.8921,   0.6104
  4.4557,  -2.7467,   0.6714
  4.3947,  -3.3570,   0.7324
  4.6388,  -2.9908,   0.8545
  5.0050,  -3.1739,   1.0987
  5.7375,  -3.6012,   1.2818
  6.7141,  -3.5401,   1.6480
  7.7517,  -3.2960,   2.0142
  8.8504,  -2.3804,   2.5636
  9.9490,  -1.5259,   3.1739
 11.1698,  -1.4649,   3.6622
 12.5126,  -2.6246,   4.2116
 14.0385,  -4.0895,   4.6999
 15.6865,  -4.9440,   5.3713
 17.2124,  -4.9440,   6.2258
 18.6773,  -5.3713,   7.2024
 20.3253,  -7.1413,   8.2400
 22.0344, -11.7191,   9.3387
 23.9875, -15.9917,  10.4984
 26.3680, -17.7618,  11.8412
 28.8705, -18.3721,  13.3061
 31.5561, -18.7384,  14.8930
 34.1807, -18.7384,  16.6631
 36.1950, -18.7994,  18.8604
 37.3547, -17.7007,  21.5461
 37.7819, -15.6255,  24.6590
 37.2326, -13.9164,  28.2601
 35.8287, -13.7333,  32.2275
 33.4483,  -7.6296,  35.9508
 30.2744,  -4.3336,  39.7961
 26.3680,  -2.6856,  43.3973
 22.0954,  -3.1739,  46.7544
 17.5787,  -2.3194,  49.9893
 12.8178,   1.5870,  53.0412
  7.7517,   4.8219,  55.6047
  2.5025,   5.3713,  57.8631
 -2.8687,   2.5636,  59.6942
 -8.1179,  -1.4039,  61.4032
-13.3671,  -3.3570,  63.0512
-18.3111,  -3.7843,  64.6382
-23.0720,  -3.7843,  66.1031
-27.4056,  -5.7985,  67.4459
-31.2510,  -9.9490,  68.8498
-34.3028, -13.0619,  70.2536
-36.3781, -13.2450,  72.0847
-37.8430, -12.3295,  74.2821
-38.6364,  -8.9114,  76.6015
-39.1858,  -1.0376,  79.2261
-40.1013,  10.6815,  82.0948
-41.5662,  20.9967,  84.9635
-43.2752,  27.4056,  87.5271
-44.8622,  31.0678,  89.4803
-46.4492,  35.4015,  90.3958
-48.1582,  40.8338,  90.7620
-50.1114,  45.1674,  90.4569
-51.8204,  49.0738,  89.1751
-53.8957,  53.4074,  87.2219
-56.0930,  56.8865,  84.5363
-58.1072,  59.9994,  80.7520
-59.7552,  58.9618,  75.9911
-61.1591,  53.1022,  70.6198
-62.8681,  48.4634,  65.1875
-65.1265,  46.9375,  60.0604
-67.7511,  48.2192,  54.8112
-70.7419,  48.7075,  49.4400
-73.7938,  44.9843,  44.1908
-76.7846,  39.6741,  39.1247
-79.2871,  35.3404,  35.0352
-81.5455,  34.0587,  31.4951
-83.4376,  35.8287,  28.1991
-84.9635,  36.9274,  24.5369
-86.0012,  35.6456,  20.2033
-86.3063,  31.0068,  15.5644
-85.6960,  24.4148,  10.5594
-84.1090,  20.2033,   5.6764
-81.3013,  20.9967,   1.0376
-77.3949,  26.1849,  -3.6012
-73.1223,  32.2886,  -8.7893
-68.9718,  36.3781, -14.7710
-65.0044,  39.1247, -21.9123
-61.0981,  41.6883, -29.6640
-57.1306,  42.5428, -37.7209
-53.4684,  41.9324, -45.6557
-50.5387,  40.0403, -53.4074
-47.6699,  36.0118, -60.5487
-44.6791,  30.0302, -67.2628
-41.7493,  22.2785, -73.3055
-38.5144,  15.7476, -78.6767
-34.3638,  13.4892, -83.6207
-29.2367,  13.4281, -88.5037
-22.7058,  16.8462, -93.8139
-15.5644,  23.7434, -99.4293
 -8.8504,  34.9132, -104.8006
 -4.0284,  45.0453, -109.3173
 -1.2207,  53.1022, -112.8574
 -0.3052,  60.3046, -115.5431
 -0.8545,  65.7979, -117.3131
 -2.6246,  65.9200, -118.4729
 -5.1271,  64.0278, -119.2053
 -7.9348,  61.2812, -119.5105
-10.8646,  57.6800, -119.3274
-13.2450,  51.6373, -119.2663
-15.0151,  42.9090, -119.9377
-15.8086,  35.2794, -122.0740
-15.9917,  30.0912, -125.0648
-15.3813,  26.2459, -128.2388
-14.0996,  25.1473, -131.1075
-12.5126,  25.5745, -133.0607
-10.9867,  26.6732, -133.7932
 -9.3387,  28.6264, -133.0607
 -7.6907,  32.5327, -130.6803
 -5.9206,  33.9366, -126.6518
 -4.0284,  32.7769, -121.2806
 -2.0142,  35.0352, -115.3600
  0.4883,  37.9040, -109.0121
  2.8077,  40.5286, -102.6643
  5.1881,  42.7259, -96.8047
  7.7517,  44.8012, -91.2503
 10.5594,  49.5621, -85.6960
 13.5502,  55.2385, -80.5689
 16.6631,  58.2293, -75.9911
 19.5929,  57.2527, -72.1458
 22.2175,  54.9944, -69.0329
 24.7200,  53.0412, -66.2862
 27.2225,  47.9141, -63.8447
 29.3588,  42.6649, -61.6474
 31.5561,  39.7961, -59.8163
 33.3872,  37.3547, -58.4124
 34.9742,  32.2275, -56.9475
 36.6222,  26.4290, -55.2995
 38.3312,  23.4993, -52.9801
 40.5896,  26.3070, -49.7452
 43.2752,  32.4107, -45.6557
 45.8998,  38.3923, -41.0779
 48.5855,  42.4207, -36.4391
 51.3932,  42.1155, -32.1665
 54.0788,  40.5896, -28.5043
 56.6424,  37.9040, -25.3914
 58.7786,  34.1197, -22.4616
 61.2201,  31.3120, -19.5318
 64.2720,  30.8237, -16.7852
 67.5069,  31.5561, -14.4047
 70.8029,  31.7393, -12.3295
 74.0379,  30.9458, -10.6204
 76.9066,  26.9784,  -9.1556
 78.3715,  22.7058,  -7.8127
 79.4702,  20.2643,  -6.3478
 80.6909,  17.5176,  -4.8830
 81.7286,  15.8086,  -3.9064
 82.2779,  17.3345,  -3.8453
 81.9117,  21.1798,  -4.4557
 80.2637,  20.2643,  -5.4323
 77.4560,   8.7283,  -6.4089
 73.9769,  -5.9206,  -7.2024
 70.2536, -16.6021,  -7.7517
 67.0797, -22.4006,  -8.1179
 65.1265, -27.8329,  -7.7517
 64.7603, -33.4483,  -6.3478
 66.4083, -35.9508,  -3.1739
 69.2770, -28.9926,   2.2584
 72.5730, -17.2735,   9.5218
 75.8080, -11.0477,  17.3345
 78.3715,  -9.0945,  24.4758
 79.4092,  -7.9958,  30.7016
 78.7378,  -8.3010,  35.7677
 77.2729,  -8.5452,  40.2234
 75.1366,  -8.7283,  44.2518
 72.5730,  -8.1179,  48.0361
 68.9108,  -7.7517,  52.1256
 64.6992,  -7.4465,  56.0930
 59.6332,  -9.1556,  59.7552
 54.0178, -10.0101,  62.6850
 48.5855,  -9.3387,  64.9434
 43.2752,  -7.4465,  66.8966
 38.0871,  -6.7751,  68.0563
 32.7769,  -8.9724,  68.1784
 27.8329, -13.1230,  66.9576
 23.4382, -19.2267,  64.3330
 19.4708, -26.6732,  61.0370
 16.2969, -35.5235,  57.8021
 14.3437, -42.1155,  55.4216
 13.4892, -44.6181,  53.8957
 13.6113, -44.8622,  52.8581
 14.6489, -46.1440,  51.9425
 16.2358, -48.6465,  51.4542
 18.1890, -52.7360,  51.9425
 20.0812, -51.1490,  53.4074
 20.8747, -46.0830,  55.2995
 20.3864, -38.0871,  56.7644
 17.9449, -32.1665,  57.4358
 14.0385, -30.3354,  57.0086
  9.2166, -30.1523,  55.2385
  4.0895, -33.2652,  51.9425
 -1.2207, -34.3028,  47.6699
 -6.8361, -39.7961,  42.8480
-12.3295, -47.2427,  37.7819
-17.1514, -49.4400,  32.6548
-20.8747, -45.1674,  28.0770
-23.3772, -41.6272,  23.6824
-24.7810, -41.5662,  19.5929
-25.3914, -40.3455,  16.4800
-25.0862, -35.7067,  14.4658
-24.4148, -27.5277,  13.0009
-23.3772, -18.9825,  11.9633
-22.4006, -13.0619,  10.9867
-21.7902,  -9.7049,   9.9490
-21.5461,  -9.4607,   8.7283
-21.1798, -10.0711,   6.9582
-20.5695,  -9.7659,   5.0050
-19.2877,  -8.6062,   3.4181
-17.3955,  -9.6438,   2.0753
-14.8320,  -8.6673,   1.0376
-11.7801,  -5.0661,   0.3052
 -8.4841,  -3.6622,  -0.2441
 -5.3102,  -3.7843,  -0.6104
 -1.9532,  -5.0661,  -1.1597
  1.4039,  -5.6154,  -1.6480
  4.6388,  -5.1881,  -2.0753
  7.3855,  -5.0661,  -2.3804
  9.5218,  -3.0519,  -2.5636
 10.8646,  -1.1597,  -2.6246
 11.2308,  -0.3052,  -2.7467
 10.6815,  -0.9156,  -3.0519
  9.9490,  -1.4039,  -3.4791
  9.5218,  -1.4649,  -4.0284
  9.5828,  -1.2207,  -4.3336
 10.0101,  -0.3662,  -4.4557
 10.8036,  -0.3662,  -4.5167
 11.9022,  -0.2441,  -4.6388
 12.4516,  -0.0610,  -4.9440
 12.6347,  -0.7324,  -5.3102
 12.3905,  -1.1597,  -5.6764
 11.8412,  -0.4273,  -6.0427
 11.0477,  -0.8545,  -6.1647
 10.1321,  -2.8687,  -6.2258
  9.3387,  -4.3336,  -6.2258
  9.0335,  -4.0895,  -6.2868
  8.7283,  -3.1739,  -6.2258
  8.4231,  -3.6012,  -6.3478
  7.9958,  -4.3336,  -6.4089
  7.5076,  -4.2726,  -6.5310
  7.0803,  -5.1271,  -6.5310
  6.7141,  -5.9816,  -6.5920
  6.5310,  -6.1037,  -6.4699
  6.5310,  -5.9816,  -6.2258
  6.4089,  -5.4933,  -5.8596
  6.2868,  -4.6388,  -5.4323
  5.9816,  -2.6246,  -4.9440
  5.4933,  -1.2818,  -4.2726
  4.8830,  -1.8311,  -3.6622
  4.0895,  -2.2584,  -3.1129
  3.6622,  -2.6856,  -2.7467
  3.2350,  -4.0895,  -2.6246
  2.9908,  -4.9440,  -2.6246
  3.2350,  -5.2492,  -2.5636
  3.2960,  -5.2492,  -2.3804
  3.5401,  -5.1881,  -1.9532
  4.0284,  -4.4557,  -1.3428
  4.4557,  -3.4181,  -0.7324
  4.6999,  -1.8311,  -0.4273
  4.5167,  -1.0987,  -0.2441
  4.0284,  -1.9532,  -0.2441
  3.3570,  -2.1973,  -0.3052
  2.7467,  -2.5025,  -0.4273
  2.1973,  -3.4791,  -0.6104
  1.8311,  -4.8219,  -0.9766
  1.6480,  -5.6154,  -1.4039
  1.7090,  -5.9816,  -1.7701
  2.0142,  -6.4089,  -2.2584
  2.3804,  -6.8972,  -2.6856
  3.0519,  -7.0193,  -3.1129
  3.6622,  -6.1647,  -3.2350
  4.0284,  -5.2492,  -3.1739
  4.6999,  -5.2492,  -2.9908
  5.1881,  -3.9064,  -2.5636
  5.4933,  -2.8687,  -2.0142
  5.6764,  -2.3804,  -1.3428
  5.6764,  -2.1363,  -0.7935
  5.6764,  -2.1363,  -0.5493
  5.5544,  -1.7701,  -0.3662
  5.4933,  -1.4039,  -0.3052
  5.4323,  -1.0376,  -0.3662
  5.3713,  -1.6480,  -0.4273
  4.9440,  -2.3804,  -0.4883
  4.6388,  -3.6012,  -0.6714
  4.2116,  -5.0050,  -0.7935
  3.8453,  -6.4699,  -0.9766
  3.6012,  -7.0803,  -1.3428
  3.7233,  -6.6530,  -1.4039
  4.3336,  -5.3713,  -1.5870
  4.8830,  -4.6999,  -1.6480
  5.3713,  -3.4181,  -1.4039
  5.4323,  -2.3194,  -1.4039
  5.2492,  -2.6856,  -1.4039
  4.8830,  -3.1739,  -1.5259
  4.3947,  -2.8687,  -1.6480
  3.8453,  -3.1129,  -1.7701
  3.4791,  -3.9674,  -2.0753
  3.2350,  -3.8453,  -2.4415
  3.1129,  -3.4181,  -2.7467
  3.3570,  -2.5636,  -2.8077
  3.6622,  -1.7090,  -2.8077
  4.0284,  -1.4039,  -2.6856
  4.3947,  -1.2207,  -2.5636
  4.6388,  -0.9156,  -2.5025
  4.6388,  -0.7935,  -2.5636
  4.6999,  -1.5870,  -2.8077
  4.6388,  -2.3194,  -3.1739
  4.5167,  -2.5636,  -3.4791
  4.3947,  -2.8687,  -3.7843
  4.2726,  -2.8687,  -4.0284
  4.3336,  -2.9298,  -4.2726
  4.3336,  -2.6246,  -4.3947
  4.0895,  -2.4415,  -4.5778
  3.7843,  -2.5636,  -4.6999
  3.4791,  -3.1739,  -4.8219
  3.0519,  -4.0284,  -4.8830
  2.6856,  -4.2116,  -4.8830
  2.5025,  -4.4557,  -4.8830
  2.2584,  -4.4557,  -4.8219
  2.0142,  -4.3336,  -4.6388
  1.8311,  -4.0895,  -4.3947
  1.7701,  -3.8453,  -4.1505
  1.8921,  -3.7233,  -3.8453
  1.9532,  -3.3570,  -3.6622
  2.2584,  -2.0142,  -3.3570
  2.6856,  -0.4273,  -2.9908
  2.9298,   0.0610,  -2.5025
  2.9908,  -0.3052,  -2.3804
  2.8687,  -0.7935,  -2.1973
  2.9298,  -1.5870,  -2.1363
  2.7467,  -2.6246,  -2.0753
  2.8077,  -3.7843,  -2.4415
  3.1129,  -4.6999,  -2.7467
  3.4181,  -4.7609,  -3.2350
  3.6012,  -5.0661,  -3.6622
  3.6012,  -5.7375,  -3.9064
  3.4791,  -5.7375,  -4.0284
  3.3570,  -5.3102,  -4.1505
  3.3570,  -5.0661,  -4.2116
  3.3570,  -5.1271,  -4.0895
  3.5401,  -4.7609,  -3.9064
  3.9674,  -4.3947,  -3.7233
  4.3947,  -4.3336,  -3.4181
  4.6388,  -4.0895,  -3.1129
  4.6999,  -3.9064,  -2.7467
  4.5778,  -3.9674,  -2.4415
  4.3947,  -3.8453,  -2.1363
  4.2726,  -3.7843,  -1.8921
  4.2116,  -3.7233,  -1.5870
  4.0284,  -2.9908,  -1.1597
  3.9674,  -1.8921,  -0.7935
  3.9064,  -1.6480,  -0.5493
  3.7233,  -2.0142,  -0.1831
  3.5401,  -2.1973,  -0.0610
  3.4181,  -2.1973,  -0.0610
  3.4791,  -1.9532,   0.0000
  3.6622,  -2.0142,  -0.1831
  3.9064,  -1.9532,  -0.3052
  3.8453,  -2.2584,  -0.4273
  3.7843,  -3.4181,  -0.6104
  3.6622,  -4.9440,  -0.7935
  3.6012,  -5.0661,  -0.9766
  3.6012,  -4.6388,  -1.2818
  3.6622,  -4.0895,  -1.5259
  3.9064,  -3.9064,  -1.7701
  3.9674,  -3.6012,  -1.8921
  3.8453,  -3.4181,  -2.0142
  3.9674,  -3.0519,  -2.1363
  3.7843,  -3.0519,  -2.1363
  3.7233,  -3.8453,  -2.1973
  3.6622,  -4.6999,  -2.2584
  3.6012,  -4.6999,  -2.4415
  3.6622,  -4.4557,  -2.5636
  3.6622,  -4.3947,  -2.6246
  3.7233,  -4.3336,  -2.6246
  3.7233,  -3.9674,  -2.6246
  3.9064,  -3.7843,  -2.6246
  3.9674,  -3.4181,  -2.6856
  3.9674,  -3.2350,  -2.6856
  4.2726,  -2.7467,  -2.6246
  4.2116,  -2.8077,  -2.5636
  4.2116,  -3.4791,  -2.5636
  4.2726,  -4.6999,  -2.6246
  4.0895,  -5.1271,  -2.8077
  3.6012,  -5.1881,  -3.0519
  3.2350,  -5.4323,  -3.1739
  2.9908,  -5.0050,  -3.0519
  2.9908,  -4.5778,  -2.8077
  3.0519,  -4.1505,  -2.5025
  3.0519,  -4.3947,  -2.1363
  3.0519,  -4.3947,  -1.8921
  2.9908,  -4.3947,  -1.7090
  3.0519,  -4.3947,  -1.7090
  3.1129,  -4.5167,  -1.7701
  3.3570,  -4.9440,  -1.7701
  3.5401,  -5.1881,  -1.7701
  3.6622,  -5.2492,  -1.8921
  4.1505,  -4.9440,  -1.8921
  4.4557,  -4.5778,  -2.0142
  4.9440,  -3.7843,  -1.9532
  5.3713,  -2.8077,  -2.0142
  5.7375,  -2.9908,  -2.1363
  5.9816,  -3.4791,  -2.3194
  5.9206,  -3.6012,  -2.4415
  5.9206,  -3.8453,  -2.5636
  5.6154,  -3.7843,  -2.6856
  5.3713,  -3.8453,  -2.6246
  4.9440,  -4.3336,  -2.7467
  4.6388,  -4.6999,  -2.6856
  4.2726,  -4.6388,  -2.7467
  3.9674,  -4.6999,  -2.7467
  3.5401,  -5.0661,  -2.8077
  3.1739,  -4.6388,  -2.8687
  2.8077,  -4.6388,  -2.9908
  2.5636,  -5.3102,  -3.1129
  2.5025,  -5.7985,  -3.1129
  2.5025,  -6.0427,  -3.1739
  2.7467,  -6.1647,  -3.2350
  3.2350,  -5.6154,  -3.1739
  3.5401,  -4.5778,  -3.1129
  3.8453,  -3.7233,  -3.0519
  3.9674,  -3.6622,  -2.9908
  4.1505,  -3.7843,  -2.8077
  4.2726,  -3.9064,  -2.8687
  4.3336,  -4.6388,  -2.9298
  4.5778,  -5.3102,  -3.2350
  4.5778,  -5.0661,  -3.4181
  4.4557,  -5.3102,  -3.6622
  4.2726,  -5.6154,  -3.9674
  3.9674,  -6.0427,  -4.2116
  3.6012,  -6.7141,  -4.4557
  3.2350,  -7.5076,  -4.5778
  2.9908,  -7.4465,  -4.5778
  2.9298,  -7.3244,  -4.3947
  2.9298,  -6.1647,  -4.0895
  2.8687,  -4.9440,  -3.6622
  2.8077,  -4.0284,  -3.2960
  2.9298,  -3.3570,  -2.9298
  2.8687,  -2.7467,  -2.5025
  2.9298,  -2.6856,  -2.3194
  2.8687,  -2.7467,  -2.1973
  2.8077,  -2.9298,  -2.2584
  2.6246,  -3.4181,  -2.2584
  2.7467,  -4.1505,  -2.3804
  2.8077,  -4.3947,  -2.6246
  3.1739,  -3.9674,  -2.8077
  3.4181,  -3.3570,  -2.9298
  3.8453,  -3.0519,  -2.9908
  4.0895,  -2.9908,  -2.9298
  4.2726,  -2.9908,  -2.9298
  4.2116,  -2.9298,  -2.9298
  4.0895,  -2.5636,  -2.9298
  3.7233,  -2.6856,  -2.9908
  3.5401,  -3.4181,  -3.0519
  3.4791,  -3.9674,  -2.9298
  3.4791,  -4.3336,  -2.8077
  3.7843,  -4.7609,  -2.6246
  3.9674,  -4.8219,  -2.4415
  4.2116,  -4.0284,  -2.3804
  4.2116,  -3.1129,  -2.3194
  4.2116,  -2.9908,  -2.2584
  4.0895,  -3.2960,  -2.1973
  3.8453,  -3.6012,  -2.0753
  3.7843,  -3.8453,  -1.8921
  3.8453,  -4.2726,  -1.7090
  3.9674,  -4.3947,  -1.5259
  4.0895,  -3.9064,  -1.4649
  4.3336,  -3.6622,  -1.3428
  4.5778,  -3.7843,  -1.3428
  4.6388,  -3.5401,  -1.4649
  4.4557,  -3.4791,  -1.4039
  4.1505,  -3.7233,  -1.4649
  3.9064,  -3.8453,  -1.5259
  3.6012,  -4.2116,  -1.6480
  3.6012,  -4.5167,  -1.7701
