x, y, z
 -0.1592,  -0.4551,   1.0192
 -0.1461,  -0.4580,   0.8842
 -0.1536,  -0.4852,   0.9074
 -0.1504,  -0.4873,   0.9001
 -0.1427,  -0.4921,   0.8893
 -0.1332,  -0.4888,   0.8892
 -0.1300,  -0.4854,   0.9060
 -0.1299,  -0.4789,   0.9185
 -0.1362,  -0.4821,   0.9268
 -0.1353,  -0.4735,   0.9350
 -0.1221,  -0.4767,   0.9325
 -0.1127,  -0.4741,   0.9261
 -0.1021,  -0.4754,   0.9099
 -0.1086,  -0.4850,   0.8913
 -0.1124,  -0.4838,   0.8760
 -0.1126,  -0.4821,   0.8678
 -0.0996,  -0.4776,   0.8595
 -0.0822,  -0.4789,   0.8567
 -0.0725,  -0.4769,   0.8695
 -0.0690,  -0.4743,   0.8850
 -0.0635,  -0.4704,   0.9088
 -0.0565,  -0.4652,   0.9208
 -0.0599,  -0.4675,   0.9193
 -0.0624,  -0.4657,   0.9022
 -0.0546,  -0.4729,   0.8960
 -0.0566,  -0.4645,   0.9059
 -0.0701,  -0.4635,   0.9164
 -0.0887,  -0.4606,   0.9247
 -0.1012,  -0.4618,   0.9204
 -0.1036,  -0.4621,   0.9068
 -0.0950,  -0.4645,   0.8847
 -0.0924,  -0.4669,   0.8687
 -0.0867,  -0.4677,   0.8462
 -0.0767,  -0.4743,   0.8222
 -0.0707,  -0.4746,   0.8125
 -0.0558,  -0.4713,   0.8030
 -0.0547,  -0.4696,   0.7965
 -0.0533,  -0.4657,   0.7899
 -0.0612,  -0.4638,   0.7766
 -0.0470,  -0.4667,   0.7642
 -0.0306,  -0.4679,   0.7627
 -0.0143,  -0.4567,   0.7655
 -0.0033,  -0.4551,   0.7630
  0.0066,  -0.4547,   0.7667
  0.0001,  -0.4614,   0.7581
  0.0168,  -0.4784,   0.7371
  0.0470,  -0.4870,   0.7223
  0.0646,  -0.4896,   0.7101
  0.0806,  -0.5006,   0.7113
  0.0977,  -0.5126,   0.7443
  0.1288,  -0.5172,   0.8181
  0.1697,  -0.5211,   0.9107
  0.1998,  -0.5238,   1.0047
  0.2317,  -0.5324,   1.1018
  0.1926,  -0.5624,   1.1927
  0.2366,  -0.5410,   1.3018
  0.2172,  -0.5720,   1.3995
  0.1792,  -0.5803,   1.4812
  0.1526,  -0.5883,   1.5446
  0.1368,  -0.6041,   1.5818
  0.1306,  -0.5963,   1.6185
  0.0883,  -0.6000,   1.6518
  0.0356,  -0.5879,   1.6788
 -0.0109,  -0.5875,   1.6891
 -0.0413,  -0.5858,   1.6968
 -0.0530,  -0.5788,   1.6884
 -0.0674,  -0.5740,   1.6764
 -0.0918,  -0.5632,   1.6526
 -0.1238,  -0.5676,   1.6115
 -0.1438,  -0.5729,   1.5634
 -0.1450,  -0.5692,   1.5002
 -0.1122,  -0.5637,   1.4270
 -0.0949,  -0.5501,   1.3686
 -0.0772,  -0.5299,   1.3121
 -0.0311,  -0.5086,   1.2749
  0.0040,  -0.4830,   1.2741
 -0.0132,  -0.4588,   1.2787
 -0.0531,  -0.4337,   1.2638
 -0.1132,  -0.4192,   1.2426
 -0.1704,  -0.3849,   1.2282
 -0.2177,  -0.3546,   1.2195
 -0.2846,  -0.3324,   1.2127
 -0.3536,  -0.3184,   1.1906
 -0.4191,  -0.3085,   1.1836
 -0.4948,  -0.2975,   1.1726
 -0.5673,  -0.3026,   1.1341
 -0.6601,  -0.2944,   1.0972
 -0.7390,  -0.2930,   1.0987
 -0.7404,  -0.2759,   1.1232
 -0.7333,  -0.2539,   1.1541
 -0.7348,  -0.2275,   1.1723
 -0.7517,  -0.2081,   1.1724
 -0.7847,  -0.1953,   1.1567
 -0.7749,  -0.1857,   1.1186
 -0.7456,  -0.1744,   1.0592
 -0.7127,  -0.1592,   1.0000
 -0.7117,  -0.1456,   0.9311
 -0.7643,  -0.1228,   0.8548
 -0.8285,  -0.1011,   0.7739
 -0.8964,  -0.0967,   0.6802
 -0.9596,  -0.0933,   0.5833
 -0.9778,  -0.0931,   0.4779
 -0.9727,  -0.1075,   0.3687
 -0.9777,  -0.1207,   0.2865
 -1.0329,  -0.1112,   0.2455
 -1.1206,  -0.1068,   0.2260
 -1.2117,  -0.0858,   0.2280
 -1.2727,  -0.0819,   0.2272
 -1.3172,  -0.0735,   0.2302
 -1.3284,  -0.0620,   0.2554
 -1.3283,  -0.0271,   0.2832
 -1.3062,  -0.0127,   0.2726
 -1.2799,   0.0027,   0.2405
 -1.2477,   0.0256,   0.2064
 -1.1869,   0.0416,   0.1469
 -1.1306,   0.0320,   0.0442
 -1.1292,   0.0099,  -0.0946
 -1.1258,  -0.0176,  -0.2221
 -1.1282,  -0.0448,  -0.2677
 -1.0631,  -0.0624,  -0.1699
 -1.0131,  -0.0670,   0.0601
 -0.9317,  -0.0425,   0.3099
 -0.8307,  -0.0547,   0.5117
 -0.7252,  -0.0587,   0.6837
 -0.6682,  -0.0605,   0.8048
 -0.5884,  -0.0879,   0.8769
 -0.5092,  -0.0960,   0.9176
 -0.4400,  -0.1221,   0.9143
 -0.4201,  -0.1459,   0.8742
 -0.4602,  -0.1694,   0.8128
 -0.4714,  -0.1919,   0.7234
 -0.4520,  -0.2051,   0.6378
 -0.4162,  -0.2136,   0.5607
 -0.3203,  -0.2251,   0.4874
 -0.2062,  -0.2415,   0.4544
 -0.0767,  -0.2299,   0.4422
  0.0580,  -0.2562,   0.4143
  0.2200,  -0.2766,   0.3998
  0.3355,  -0.3150,   0.3773
  0.4319,  -0.3453,   0.3546
  0.5281,  -0.3822,   0.3196
  0.5733,  -0.4225,   0.2925
  0.5907,  -0.4369,   0.2925
  0.5845,  -0.4517,   0.2800
  0.5810,  -0.4613,   0.2578
  0.6000,  -0.4642,   0.2336
  0.5831,  -0.4993,   0.2084
  0.5392,  -0.5342,   0.2036
  0.4918,  -0.5392,   0.2207
  0.4649,  -0.5321,   0.2365
  0.4629,  -0.5242,   0.2520
  0.4205,  -0.5036,   0.2734
  0.4282,  -0.4920,   0.2866
  0.4297,  -0.5056,   0.2896
  0.4274,  -0.5449,   0.2922
  0.4280,  -0.5716,   0.2964
  0.4569,  -0.5744,   0.2887
  0.5215,  -0.5857,   0.2633
  0.6122,  -0.5844,   0.2313
  0.6741,  -0.5945,   0.2079
  0.7019,  -0.6052,   0.2145
  0.6975,  -0.6360,   0.2101
  0.6548,  -0.6651,   0.2149
  0.6331,  -0.6831,   0.2283
  0.5974,  -0.7118,   0.2490
  0.5742,  -0.7013,   0.2831
  0.5725,  -0.7100,   0.2759
  0.5471,  -0.7162,   0.2578
  0.5261,  -0.7178,   0.2625
  0.4931,  -0.7071,   0.2783
  0.4590,  -0.6969,   0.3024
  0.4263,  -0.7038,   0.3567
  0.4122,  -0.6820,   0.4496
  0.4221,  -0.6796,   0.4983
  0.4061,  -0.6920,   0.5363
  0.3692,  -0.6708,   0.5905
  0.3331,  -0.6727,   0.6599
  0.3063,  -0.6519,   0.7772
  0.2687,  -0.6564,   0.8843
  0.2192,  -0.6861,   0.9870
  0.2449,  -0.6869,   1.0454
  0.3027,  -0.7201,   1.0389
  0.3673,  -0.7273,   0.9793
  0.4227,  -0.7510,   0.8703
  0.4986,  -0.7671,   0.7718
  0.6240,  -0.8291,   0.6405
  0.8305,  -0.8683,   0.5712
  0.9580,  -0.8824,   0.5725
  0.9246,  -0.8926,   0.6117
  0.8809,  -0.8742,   0.6826
  0.8131,  -0.8328,   0.8207
  0.7099,  -0.8006,   0.9865
  0.6924,  -0.7991,   1.0807
  0.6138,  -0.7921,   1.1459
  0.5742,  -0.7996,   1.2216
  0.5602,  -0.7720,   1.3334
  0.5080,  -0.7586,   1.4093
  0.4328,  -0.7385,   1.4925
  0.3478,  -0.7099,   1.5384
  0.2691,  -0.7252,   1.5390
  0.1978,  -0.7267,   1.5386
  0.0964,  -0.7266,   1.5251
 -0.0289,  -0.7218,   1.5118
 -0.1405,  -0.7042,   1.4822
 -0.2410,  -0.7003,   1.4223
 -0.2953,  -0.6897,   1.3768
 -0.2936,  -0.6837,   1.2915
 -0.2294,  -0.6861,   1.1692
 -0.1459,  -0.6836,   1.0515
 -0.0947,  -0.6636,   0.9489
 -0.0845,  -0.6563,   0.8456
 -0.0549,  -0.6436,   0.8051
 -0.0447,  -0.6482,   0.8024
  0.0273,  -0.6704,   0.8719
 -0.0060,  -0.6631,   0.9767
 -0.0969,  -0.6703,   1.1139
 -0.1860,  -0.6619,   1.2965
 -0.3268,  -0.6460,   1.4154
 -0.4141,  -0.6392,   1.5088
 -0.5495,  -0.6256,   1.5137
 -0.6181,  -0.6283,   1.5325
 -0.6861,  -0.6190,   1.5461
 -0.7322,  -0.6133,   1.5296
 -0.6920,  -0.6021,   1.4444
 -0.6265,  -0.6061,   1.3100
 -0.6183,  -0.6089,   1.1859
 -0.6015,  -0.6140,   1.0843
 -0.5180,  -0.6121,   0.9964
 -0.4298,  -0.6193,   0.9097
 -0.3717,  -0.6087,   0.8679
 -0.3297,  -0.6017,   0.8385
 -0.3077,  -0.6000,   0.8338
 -0.3056,  -0.5759,   0.8539
 -0.3328,  -0.5538,   0.8625
 -0.3507,  -0.5357,   0.8361
 -0.3417,  -0.5187,   0.7902
 -0.2879,  -0.5200,   0.7265
 -0.2837,  -0.5183,   0.6726
 -0.2394,  -0.5194,   0.6023
 -0.1843,  -0.5172,   0.5475
 -0.1830,  -0.5230,   0.5390
 -0.1790,  -0.5171,   0.5405
 -0.1758,  -0.5263,   0.5352
 -0.1686,  -0.5297,   0.5415
 -0.1483,  -0.5278,   0.5643
 -0.1288,  -0.5210,   0.6032
 -0.1014,  -0.5122,   0.6586
 -0.0927,  -0.5045,   0.7271
 -0.0945,  -0.4937,   0.8139
 -0.1086,  -0.4878,   0.8821
 -0.1067,  -0.4971,   0.8986
 -0.0967,  -0.5177,   0.8783
 -0.0812,  -0.5449,   0.8405
 -0.0522,  -0.5668,   0.8025
 -0.0424,  -0.5831,   0.7719
 -0.0326,  -0.5974,   0.7667
 -0.0387,  -0.5960,   0.8028
 -0.0488,  -0.5968,   0.8375
 -0.0403,  -0.6005,   0.8738
 -0.0321,  -0.5939,   0.9059
 -0.0319,  -0.5968,   0.9276
 -0.0293,  -0.5993,   0.9329
 -0.0200,  -0.6023,   0.9182
 -0.0060,  -0.6093,   0.8915
 -0.0043,  -0.6076,   0.8882
 -0.0186,  -0.6102,   0.8900
 -0.0193,  -0.6099,   0.9032
 -0.0100,  -0.6071,   0.9160
 -0.0145,  -0.6107,   0.9126
 -0.0011,  -0.6123,   0.9070
  0.0089,  -0.6171,   0.8902
  0.0126,  -0.6198,   0.8813
  0.0229,  -0.6156,   0.8883
  0.0236,  -0.6153,   0.8885
  0.0439,  -0.6094,   0.9058
  0.0464,  -0.6019,   0.9225
  0.0337,  -0.6033,   0.9312
  0.0278,  -0.5963,   0.9309
  0.0182,  -0.5930,   0.9215
 -0.0006,  -0.5979,   0.9073
 -0.0021,  -0.5987,   0.8896
  0.0106,  -0.6050,   0.8692
  0.0270,  -0.6049,   0.8478
  0.0339,  -0.6060,   0.8354
  0.0454,  -0.6000,   0.8277
  0.0421,  -0.6010,   0.8208
  0.0310,  -0.5917,   0.8439
  0.0122,  -0.5847,   0.8732
 -0.0084,  -0.5801,   0.8988
 -0.0168,  -0.5768,   0.9104
 -0.0234,  -0.5761,   0.9064
 -0.0339,  -0.5774,   0.8937
 -0.0430,  -0.5794,   0.8769
 -0.0470,  -0.5806,   0.8590
 -0.0464,  -0.5864,   0.8367
 -0.0490,  -0.5894,   0.8203
 -0.0542,  -0.5939,   0.8108
 -0.0469,  -0.6011,   0.8040
 -0.0275,  -0.5965,   0.8002
 -0.0136,  -0.5976,   0.8028
 -0.0033,  -0.5973,   0.7992
  0.0216,  -0.5982,   0.8036
  0.0297,  -0.5910,   0.8181
  0.0300,  -0.5895,   0.8340
  0.0176,  -0.5820,   0.8516
  0.0065,  -0.5779,   0.8626
 -0.0051,  -0.5774,   0.8651
 -0.0160,  -0.5828,   0.8647
 -0.0150,  -0.5834,   0.8664
 -0.0234,  -0.5862,   0.8769
 -0.0222,  -0.5810,   0.8975
 -0.0291,  -0.5799,   0.9097
 -0.0342,  -0.5838,   0.9043
 -0.0413,  -0.5882,   0.8909
 -0.0398,  -0.5928,   0.8701
 -0.0386,  -0.5968,   0.8402
 -0.0258,  -0.6049,   0.8167
 -0.0229,  -0.6073,   0.8120
 -0.0162,  -0.6010,   0.8235
 -0.0175,  -0.5969,   0.8441
 -0.0347,  -0.5908,   0.8726
 -0.0378,  -0.5845,   0.8939
 -0.0446,  -0.5786,   0.9019
 -0.0540,  -0.5788,   0.8963
 -0.0625,  -0.5807,   0.8932
 -0.0587,  -0.5779,   0.8820
 -0.0507,  -0.5838,   0.8687
 -0.0414,  -0.5889,   0.8501
 -0.0262,  -0.5923,   0.8377
 -0.0264,  -0.5968,   0.8345
 -0.0205,  -0.5982,   0.8329
 -0.0227,  -0.5943,   0.8371
 -0.0370,  -0.5902,   0.8467
 -0.0498,  -0.5885,   0.8561
 -0.0597,  -0.5855,   0.8640
 -0.0551,  -0.5842,   0.8694
 -0.0483,  -0.5846,   0.8762
 -0.0443,  -0.5847,   0.8695
 -0.0380,  -0.5888,   0.8689
 -0.0334,  -0.5860,   0.8722
 -0.0288,  -0.5863,   0.8820
 -0.0330,  -0.5834,   0.8975
 -0.0336,  -0.5869,   0.9005
 -0.0261,  -0.5874,   0.9030
 -0.0187,  -0.5877,   0.8966
 -0.0167,  -0.5891,   0.8899
 -0.0094,  -0.5890,   0.8865
 -0.0031,  -0.5889,   0.8852
 -0.0009,  -0.5871,   0.8797
  0.0005,  -0.5913,   0.8695
 -0.0039,  -0.5889,   0.8633
 -0.0018,  -0.5922,   0.8468
  0.0092,  -0.5912,   0.8317
  0.0126,  -0.5941,   0.8216
  0.0063,  -0.5882,   0.8319
  0.0002,  -0.5871,   0.8479
 -0.0068,  -0.5828,   0.8596
 -0.0153,  -0.5838,   0.8617
 -0.0266,  -0.5822,   0.8565
 -0.0425,  -0.5866,   0.8429
 -0.0514,  -0.5895,   0.8344
 -0.0455,  -0.5930,   0.8346
 -0.0449,  -0.5905,   0.8417
 -0.0427,  -0.5849,   0.8553
 -0.0286,  -0.5805,   0.8587
 -0.0222,  -0.5820,   0.8548
 -0.0195,  -0.5805,   0.8504
 -0.0128,  -0.5808,   0.8429
 -0.0017,  -0.5868,   0.8332
  0.0012,  -0.5874,   0.8230
  0.0087,  -0.5932,   0.8245
  0.0123,  -0.5905,   0.8400
  0.0107,  -0.5891,   0.8557
  0.0057,  -0.5868,   0.8704
  0.0079,  -0.5877,   0.8772
  0.0123,  -0.5916,   0.8783
  0.0144,  -0.5912,   0.8738
  0.0221,  -0.5902,   0.8689
  0.0209,  -0.5888,   0.8664
  0.0078,  -0.5873,   0.8649
 -0.0046,  -0.5823,   0.8750
 -0.0085,  -0.5823,   0.8733
 -0.0133,  -0.5844,   0.8657
 -0.0217,  -0.5924,   0.8539
 -0.0300,  -0.5934,   0.8513
 -0.0297,  -0.5960,   0.8520
 -0.0348,  -0.5949,   0.8563
 -0.0392,  -0.5925,   0.8665
 -0.0503,  -0.5894,   0.8714
 -0.0465,  -0.5874,   0.8620
 -0.0471,  -0.5882,   0.8524
 -0.0505,  -0.5904,   0.8461
 -0.0503,  -0.5893,   0.8451
 -0.0459,  -0.5888,   0.8511
 -0.0398,  -0.5873,   0.8533
 -0.0331,  -0.5875,   0.8610
 -0.0374,  -0.5841,   0.8686
 -0.0442,  -0.5845,   0.8714
 -0.0458,  -0.5885,   0.8650
 -0.0405,  -0.5863,   0.8589
 -0.0378,  -0.5883,   0.8509
 -0.0383,  -0.5867,   0.8488
 -0.0313,  -0.5871,   0.8451
 -0.0295,  -0.5866,   0.8452
 -0.0309,  -0.5858,   0.8490
 -0.0297,  -0.5849,   0.8477
 -0.0293,  -0.5850,   0.8491
 -0.0182,  -0.5834,   0.8454
 -0.0171,  -0.5841,   0.8528
 -0.0215,  -0.5849,   0.8601
 -0.0325,  -0.5868,   0.8723
 -0.0354,  -0.5825,   0.8891
 -0.0323,  -0.5869,   0.8974
 -0.0313,  -0.5864,   0.8982
 -0.0100,  -0.5900,   0.8828
  0.0005,  -0.5933,   0.8682
  0.0089,  -0.5932,   0.8523
  0.0029,  -0.5933,   0.8576
 -0.0066,  -0.5874,   0.8604
 -0.0151,  -0.5877,   0.8582
 -0.0245,  -0.5847,   0.8540
 -0.0297,  -0.5877,   0.8488
 -0.0313,  -0.5871,   0.8385
 -0.0360,  -0.5904,   0.8333
 -0.0354,  -0.5884,   0.8279
 -0.0344,  -0.5897,   0.8158
 -0.0320,  -0.5902,   0.8086
 -0.0319,  -0.5897,   0.8053
 -0.0278,  -0.5877,   0.8091
 -0.0387,  -0.5893,   0.8257
 -0.0376,  -0.5842,   0.8467
 -0.0348,  -0.5879,   0.8588
 -0.0337,  -0.5838,   0.8789
 -0.0270,  -0.5819,   0.8875
 -0.0269,  -0.5820,   0.8920
 -0.0295,  -0.5834,   0.8952
 -0.0245,  -0.5872,   0.9016
 -0.0255,  -0.5819,   0.9029
 -0.0260,  -0.5872,   0.9010
 -0.0338,  -0.5866,   0.9030
 -0.0305,  -0.5852,   0.9022
 -0.0374,  -0.5889,   0.8955
 -0.0408,  -0.5896,   0.8854
 -0.0355,  -0.5912,   0.8714
 -0.0325,  -0.5945,   0.8551
 -0.0321,  -0.5954,   0.8388
 -0.0243,  -0.5955,   0.8284
 -0.0193,  -0.5916,   0.8273
 -0.0173,  -0.5846,   0.8313
 -0.0186,  -0.5831,   0.8413
 -0.0157,  -0.5829,   0.8446
 -0.0178,  -0.5812,   0.8445
 -0.0330,  -0.5829,   0.8512
 -0.0377,  -0.5819,   0.8543
 -0.0308,  -0.5847,   0.8603
 -0.0392,  -0.5833,   0.8732
 -0.0407,  -0.5875,   0.8826
 -0.0365,  -0.5811,   0.8949
 -0.0343,  -0.5860,   0.8932
 -0.0323,  -0.5858,   0.8924
 -0.0142,  -0.5873,   0.8791
 -0.0100,  -0.5896,   0.8700
  0.0079,  -0.5901,   0.8673
  0.0104,  -0.5899,   0.8637
  0.0103,  -0.5889,   0.8620
  0.0094,  -0.5886,   0.8638
  0.0067,  -0.5864,   0.8639
 -0.0055,  -0.5891,   0.8647
 -0.0166,  -0.5857,   0.8698
 -0.0236,  -0.5868,   0.8675
 -0.0303,  -0.5891,   0.8665
 -0.0365,  -0.5869,   0.8535
 -0.0365,  -0.5896,   0.8400
 -0.0297,  -0.5879,   0.8274
 -0.0212,  -0.5889,   0.8200
 -0.0171,  -0.5884,   0.8213
 -0.0132,  -0.5840,   0.8335
 -0.0144,  -0.5835,   0.8416
 -0.0105,  -0.5808,   0.8565
 -0.0112,  -0.5802,   0.8704
 -0.0149,  -0.5774,   0.8808
 -0.0151,  -0.5780,   0.8766
 -0.0087,  -0.5852,   0.8653
 -0.0011,  -0.5861,   0.8542
 -0.0011,  -0.5916,   0.8402
 -0.0007,  -0.5946,   0.8397
  0.0018,  -0.5918,   0.8435
  0.0029,  -0.5900,   0.8527
 -0.0083,  -0.5884,   0.8638
 -0.0126,  -0.5851,   0.8705
 -0.0076,  -0.5847,   0.8690
 -0.0079,  -0.5853,   0.8621
 -0.0051,  -0.5860,   0.8528
 -0.0070,  -0.5883,   0.8483
 -0.0057,  -0.5858,   0.8457
 -0.0095,  -0.5868,   0.8424
 -0.0173,  -0.5886,   0.8471
 -0.0183,  -0.5884,   0.8633
 -0.0194,  -0.5842,   0.8761
 -0.0262,  -0.5829,   0.8836
 -0.0264,  -0.5825,   0.8827
 -0.0300,  -0.5816,   0.8741
 -0.0348,  -0.5844,   0.8642
 -0.0291,  -0.5842,   0.8553
