x, y, z
  0.0077,  -0.5703,   0.8888
  0.0723,  -0.5639,   0.8020
  0.0780,  -0.5965,   0.8487
  0.0830,  -0.5954,   0.8520
  0.0864,  -0.5928,   0.8579
  0.0798,  -0.5943,   0.8676
  0.0735,  -0.5932,   0.8769
  0.0608,  -0.5932,   0.8972
  0.0491,  -0.5960,   0.9121
  0.0466,  -0.5925,   0.9169
  0.0490,  -0.5878,   0.9096
  0.0616,  -0.5911,   0.8865
  0.0581,  -0.5925,   0.8800
  0.0614,  -0.5906,   0.8695
  0.0642,  -0.5958,   0.8617
  0.0558,  -0.5921,   0.8590
  0.0437,  -0.5927,   0.8523
  0.0233,  -0.5935,   0.8472
  0.0140,  -0.5908,   0.8375
  0.0199,  -0.5974,   0.8212
  0.0297,  -0.5966,   0.8117
  0.0381,  -0.6012,   0.8076
  0.0387,  -0.6007,   0.8078
  0.0269,  -0.5984,   0.8119
  0.0038,  -0.6022,   0.8174
 -0.0084,  -0.6008,   0.8263
 -0.0055,  -0.6029,   0.8267
  0.0022,  -0.6039,   0.8297
  0.0067,  -0.6039,   0.8295
  0.0018,  -0.6054,   0.8292
  0.0023,  -0.6035,   0.8283
  0.0105,  -0.6029,   0.8229
  0.0280,  -0.6039,   0.8153
  0.0227,  -0.6002,   0.8197
  0.0009,  -0.5983,   0.8207
 -0.0115,  -0.5980,   0.8303
 -0.0106,  -0.5947,   0.8313
  0.0088,  -0.5988,   0.8312
  0.0133,  -0.5924,   0.8288
  0.0132,  -0.5951,   0.8225
  0.0144,  -0.5961,   0.8147
  0.0262,  -0.5899,   0.8241
  0.0341,  -0.5868,   0.8383
  0.0603,  -0.5819,   0.8473
  0.0868,  -0.5836,   0.8479
  0.1027,  -0.5774,   0.8437
  0.1220,  -0.5820,   0.8192
  0.1619,  -0.5869,   0.7963
  0.1987,  -0.5880,   0.7710
  0.2439,  -0.5916,   0.7354
  0.2839,  -0.5933,   0.7221
  0.3447,  -0.5969,   0.7063
  0.4494,  -0.6110,   0.6880
  0.5316,  -0.6269,   0.6781
  0.6017,  -0.6251,   0.6540
  0.7063,  -0.6409,   0.6272
  0.7844,  -0.6286,   0.6287
  0.8513,  -0.6041,   0.6570
  0.8782,  -0.5768,   0.6979
  0.9386,  -0.5487,   0.7124
  0.9068,  -0.5126,   0.7965
  0.8487,  -0.4636,   0.8936
  0.8089,  -0.4331,   0.9690
  0.7556,  -0.3914,   1.0233
  0.7648,  -0.3750,   1.0263
  0.7877,  -0.3433,   0.9976
  0.7688,  -0.3214,   0.9903
  0.7368,  -0.3091,   0.9684
  0.6698,  -0.2637,   0.9672
  0.5515,  -0.2399,   0.9555
  0.4037,  -0.2415,   0.9662
  0.2744,  -0.2002,   0.9859
  0.1759,  -0.1945,   0.9955
  0.1101,  -0.1934,   0.9886
  0.0347,  -0.1929,   0.9651
 -0.0309,  -0.1992,   0.9218
 -0.0623,  -0.2097,   0.8708
 -0.0823,  -0.2122,   0.8567
 -0.1672,  -0.2017,   0.9306
 -0.2793,  -0.1998,   1.0562
 -0.3992,  -0.1552,   1.1960
 -0.4862,  -0.1509,   1.3073
 -0.4949,  -0.1622,   1.3664
 -0.4655,  -0.1770,   1.3934
 -0.4268,  -0.1932,   1.3808
 -0.3598,  -0.1998,   1.3434
 -0.3137,  -0.2255,   1.3000
 -0.3308,  -0.2301,   1.3084
 -0.3660,  -0.2074,   1.3199
 -0.3814,  -0.2197,   1.3070
 -0.4199,  -0.2263,   1.2771
 -0.4619,  -0.2476,   1.2344
 -0.5194,  -0.2567,   1.1957
 -0.5427,  -0.2708,   1.1530
 -0.5387,  -0.2875,   1.1187
 -0.5560,  -0.2770,   1.1046
 -0.6121,  -0.3065,   1.0896
 -0.6762,  -0.2957,   1.0984
 -0.7101,  -0.3034,   1.0963
 -0.7193,  -0.3104,   1.0609
 -0.7090,  -0.3313,   1.0132
 -0.6813,  -0.3418,   0.9488
 -0.6245,  -0.3518,   0.8650
 -0.5482,  -0.3613,   0.8330
 -0.4677,  -0.3739,   0.8446
 -0.4039,  -0.3672,   0.8927
 -0.3745,  -0.3659,   0.9428
 -0.3662,  -0.3711,   0.9739
 -0.3980,  -0.3794,   0.9871
 -0.4251,  -0.3906,   0.9868
 -0.4099,  -0.3981,   0.9773
 -0.3654,  -0.4323,   0.9688
 -0.3157,  -0.4605,   0.9645
 -0.2979,  -0.4749,   0.9823
 -0.2841,  -0.4840,   1.0226
 -0.2839,  -0.4828,   1.0815
 -0.3034,  -0.4788,   1.1413
 -0.2963,  -0.5163,   1.1922
 -0.3114,  -0.5396,   1.2222
 -0.3368,  -0.5586,   1.2498
 -0.3742,  -0.5822,   1.2837
 -0.4122,  -0.5828,   1.3269
 -0.4993,  -0.5728,   1.3802
 -0.5296,  -0.5614,   1.4338
 -0.5115,  -0.5281,   1.4839
 -0.4928,  -0.5164,   1.5134
 -0.4721,  -0.5286,   1.5330
 -0.4845,  -0.5171,   1.5448
 -0.4895,  -0.5249,   1.5179
 -0.4845,  -0.5285,   1.4933
 -0.4597,  -0.5119,   1.4594
 -0.4055,  -0.5119,   1.4152
 -0.4021,  -0.5009,   1.4036
 -0.4122,  -0.5027,   1.3844
 -0.4312,  -0.5110,   1.3531
 -0.4929,  -0.4942,   1.3280
 -0.5300,  -0.5098,   1.3011
 -0.5579,  -0.5222,   1.2742
 -0.5683,  -0.5346,   1.2552
 -0.5499,  -0.5376,   1.2320
 -0.5170,  -0.5692,   1.2339
 -0.4905,  -0.5869,   1.2409
 -0.3978,  -0.6245,   1.2321
 -0.3101,  -0.6370,   1.2427
 -0.2463,  -0.6498,   1.2611
 -0.2084,  -0.6481,   1.2865
 -0.1962,  -0.6518,   1.3089
 -0.2235,  -0.6353,   1.3244
 -0.2285,  -0.6162,   1.3072
 -0.1661,  -0.6012,   1.2350
 -0.0648,  -0.5735,   1.0939
  0.0723,  -0.5780,   0.9015
  0.1941,  -0.5795,   0.6940
  0.2405,  -0.6052,   0.5405
  0.2455,  -0.5780,   0.4772
  0.1332,  -0.5181,   0.4922
 -0.0325,  -0.4295,   0.5665
 -0.1292,  -0.3934,   0.6149
 -0.1606,  -0.3696,   0.6452
 -0.1390,  -0.3464,   0.6276
 -0.0653,  -0.3391,   0.5768
  0.0402,  -0.3196,   0.5098
  0.1243,  -0.3080,   0.4691
  0.2483,  -0.3142,   0.4424
  0.3263,  -0.3182,   0.4334
  0.3643,  -0.3257,   0.4411
  0.3798,  -0.3704,   0.4371
  0.3677,  -0.3894,   0.4210
  0.4068,  -0.4431,   0.3677
  0.4223,  -0.4686,   0.3102
  0.4240,  -0.4904,   0.2682
  0.4077,  -0.5237,   0.2255
  0.3490,  -0.5480,   0.2089
  0.2517,  -0.5636,   0.2223
  0.1570,  -0.5607,   0.2545
  0.0960,  -0.5750,   0.2567
  0.0381,  -0.5963,   0.2263
  0.0293,  -0.6182,   0.1888
  0.0297,  -0.6212,   0.1644
  0.0431,  -0.6160,   0.1355
  0.0657,  -0.6115,   0.0977
  0.1005,  -0.6116,   0.0580
  0.1355,  -0.6015,   0.0289
  0.1512,  -0.5951,   0.0037
  0.1600,  -0.5882,  -0.0175
  0.1627,  -0.6131,  -0.0544
  0.1730,  -0.6149,  -0.0681
  0.1602,  -0.6045,  -0.0709
  0.1399,  -0.5916,  -0.0687
  0.1072,  -0.5847,  -0.0798
  0.0728,  -0.5797,  -0.0858
  0.0278,  -0.5568,  -0.0564
  0.0103,  -0.5403,  -0.0320
  0.0161,  -0.5149,  -0.0225
  0.0281,  -0.4849,  -0.0104
  0.0507,  -0.4591,  -0.0062
  0.0671,  -0.4507,  -0.0217
  0.0637,  -0.4467,  -0.0167
  0.0751,  -0.4336,   0.0046
  0.0812,  -0.4297,   0.0385
  0.0881,  -0.4172,   0.0913
  0.1008,  -0.4287,   0.1389
  0.1246,  -0.4402,   0.1674
  0.1659,  -0.4425,   0.1992
  0.1826,  -0.4531,   0.2177
  0.2003,  -0.4417,   0.2141
  0.1882,  -0.4187,   0.2197
  0.1762,  -0.3986,   0.2245
  0.1543,  -0.3986,   0.2410
  0.1072,  -0.3938,   0.2755
  0.0864,  -0.4035,   0.3099
  0.0620,  -0.4194,   0.3230
  0.0154,  -0.4135,   0.3496
 -0.0588,  -0.3953,   0.3766
 -0.1198,  -0.3779,   0.3994
 -0.1812,  -0.3821,   0.4109
 -0.2197,  -0.3810,   0.4295
 -0.2056,  -0.4074,   0.4527
 -0.2039,  -0.4391,   0.4966
 -0.2050,  -0.4258,   0.5531
 -0.1973,  -0.4229,   0.5712
 -0.2102,  -0.4088,   0.6181
 -0.2409,  -0.3695,   0.6756
 -0.2230,  -0.3596,   0.7238
 -0.1375,  -0.3545,   0.7895
 -0.0344,  -0.3549,   0.8932
  0.0964,  -0.3311,   0.9696
  0.1555,  -0.3438,   1.0768
  0.3093,  -0.3407,   1.1850
  0.3485,  -0.3717,   1.2275
  0.3305,  -0.3572,   1.2951
  0.2936,  -0.3421,   1.3904
  0.3419,  -0.3482,   1.4705
  0.3482,  -0.3506,   1.5889
  0.3807,  -0.3458,   1.6954
  0.3225,  -0.3378,   1.7559
  0.3845,  -0.3361,   1.9119
  0.3605,  -0.3512,   2.0099
  0.3689,  -0.3941,   2.0408
  0.3284,  -0.4099,   2.0632
  0.3344,  -0.4291,   2.0357
  0.3457,  -0.4425,   1.9454
  0.3521,  -0.4440,   1.8414
  0.3938,  -0.4707,   1.7366
  0.3341,  -0.4704,   1.7504
  0.2315,  -0.4663,   1.8183
  0.1808,  -0.4491,   1.8530
  0.1328,  -0.4523,   1.8603
  0.1191,  -0.4277,   1.8195
  0.0782,  -0.4491,   1.7331
  0.0415,  -0.4379,   1.6379
  0.0273,  -0.4713,   1.5146
  0.0060,  -0.4787,   1.3907
 -0.0232,  -0.4856,   1.2843
 -0.0796,  -0.4999,   1.1704
 -0.1523,  -0.4978,   1.0909
 -0.2437,  -0.4860,   1.0570
 -0.3397,  -0.4673,   1.0699
 -0.4148,  -0.4373,   1.1250
 -0.4551,  -0.4109,   1.2060
 -0.4478,  -0.3938,   1.2499
 -0.4041,  -0.3744,   1.2632
 -0.3742,  -0.3493,   1.2768
 -0.3088,  -0.3230,   1.2629
 -0.2020,  -0.2936,   1.2065
 -0.0930,  -0.2722,   1.1230
  0.0095,  -0.2620,   1.0370
  0.0776,  -0.2499,   0.9707
  0.1465,  -0.2326,   0.9054
  0.1906,  -0.2365,   0.8578
  0.2241,  -0.2217,   0.8334
  0.2562,  -0.2203,   0.8186
  0.2830,  -0.2103,   0.8153
  0.3109,  -0.2075,   0.8164
  0.3224,  -0.2020,   0.8200
  0.3203,  -0.1978,   0.8478
  0.3186,  -0.1965,   0.8810
  0.3057,  -0.1918,   0.9192
  0.2804,  -0.1904,   0.9607
  0.2608,  -0.1925,   1.0017
  0.2380,  -0.1904,   1.0482
  0.1843,  -0.2002,   1.0747
  0.1538,  -0.1959,   1.0905
  0.1386,  -0.1990,   1.0962
  0.1270,  -0.2091,   1.0933
  0.1298,  -0.2108,   1.0901
  0.1309,  -0.2157,   1.0898
  0.1412,  -0.2195,   1.0872
  0.1523,  -0.2233,   1.0880
  0.1619,  -0.2277,   1.0828
  0.1541,  -0.2296,   1.0794
  0.1469,  -0.2227,   1.0827
  0.1399,  -0.2151,   1.0771
  0.1456,  -0.2191,   1.0603
  0.1593,  -0.2208,   1.0439
  0.1859,  -0.2223,   1.0202
  0.1980,  -0.2262,   1.0052
  0.1920,  -0.2232,   0.9960
  0.1896,  -0.2258,   0.9875
  0.1773,  -0.2235,   0.9844
  0.1681,  -0.2247,   0.9788
  0.1672,  -0.2257,   0.9716
  0.1786,  -0.2225,   0.9645
  0.1907,  -0.2218,   0.9617
  0.2009,  -0.2227,   0.9656
  0.2168,  -0.2197,   0.9699
  0.2230,  -0.2240,   0.9798
  0.2167,  -0.2192,   1.0015
  0.2122,  -0.2175,   1.0188
  0.1901,  -0.2120,   1.0432
  0.1779,  -0.2094,   1.0558
  0.1708,  -0.2159,   1.0511
  0.1632,  -0.2114,   1.0452
  0.1628,  -0.2173,   1.0312
  0.1599,  -0.2222,   1.0324
  0.1438,  -0.2174,   1.0508
  0.1373,  -0.2188,   1.0629
  0.1248,  -0.2203,   1.0699
  0.1281,  -0.2177,   1.0744
  0.1233,  -0.2197,   1.0690
  0.1372,  -0.2206,   1.0562
  0.1353,  -0.2212,   1.0364
  0.1233,  -0.2252,   1.0266
  0.1115,  -0.2206,   1.0325
  0.0996,  -0.2173,   1.0412
  0.0825,  -0.2140,   1.0464
  0.0792,  -0.2169,   1.0408
  0.0856,  -0.2180,   1.0251
  0.0997,  -0.2240,   1.0023
  0.1178,  -0.2304,   0.9729
  0.1263,  -0.2315,   0.9536
  0.1200,  -0.2296,   0.9446
  0.1105,  -0.2280,   0.9453
  0.1041,  -0.2262,   0.9734
  0.1083,  -0.2202,   1.0017
  0.1228,  -0.2205,   1.0201
  0.1406,  -0.2167,   1.0303
  0.1626,  -0.2188,   1.0326
  0.1700,  -0.2192,   1.0369
  0.1759,  -0.2218,   1.0408
  0.1716,  -0.2217,   1.0419
  0.1837,  -0.2245,   1.0393
  0.1963,  -0.2267,   1.0302
  0.2022,  -0.2329,   1.0221
  0.1986,  -0.2324,   1.0078
  0.2052,  -0.2376,   0.9937
  0.1987,  -0.2387,   0.9846
  0.1884,  -0.2361,   0.9838
  0.1664,  -0.2347,   0.9872
  0.1399,  -0.2301,   0.9981
  0.1254,  -0.2288,   1.0021
  0.1178,  -0.2278,   1.0010
  0.1211,  -0.2244,   0.9995
  0.1266,  -0.2240,   0.9926
  0.1329,  -0.2222,   0.9838
  0.1475,  -0.2196,   0.9765
  0.1617,  -0.2229,   0.9721
  0.1687,  -0.2251,   0.9779
  0.1705,  -0.2223,   0.9893
  0.1619,  -0.2228,   1.0069
  0.1550,  -0.2243,   1.0221
  0.1526,  -0.2251,   1.0357
  0.1526,  -0.2258,   1.0462
  0.1486,  -0.2267,   1.0447
  0.1348,  -0.2275,   1.0374
  0.1196,  -0.2260,   1.0378
  0.1144,  -0.2247,   1.0314
  0.1124,  -0.2245,   1.0297
  0.1055,  -0.2232,   1.0335
  0.0958,  -0.2240,   1.0374
  0.0981,  -0.2234,   1.0358
  0.1050,  -0.2250,   1.0293
  0.1107,  -0.2243,   1.0220
  0.1155,  -0.2250,   1.0203
  0.1215,  -0.2234,   1.0207
  0.1300,  -0.2233,   1.0244
  0.1263,  -0.2269,   1.0336
  0.1135,  -0.2211,   1.0456
  0.1029,  -0.2228,   1.0463
  0.0985,  -0.2227,   1.0420
  0.1035,  -0.2217,   1.0314
  0.1128,  -0.2260,   1.0196
  0.1205,  -0.2310,   1.0111
  0.1178,  -0.2279,   1.0153
  0.1229,  -0.2274,   1.0132
  0.1220,  -0.2299,   1.0089
  0.1204,  -0.2300,   1.0075
  0.1112,  -0.2264,   1.0128
  0.1071,  -0.2273,   1.0116
  0.1132,  -0.2284,   1.0120
  0.1069,  -0.2262,   1.0127
  0.1110,  -0.2277,   1.0076
  0.1099,  -0.2278,   1.0006
  0.1184,  -0.2289,   0.9884
  0.1284,  -0.2333,   0.9846
  0.1438,  -0.2335,   0.9934
  0.1328,  -0.2301,   1.0153
  0.1177,  -0.2299,   1.0376
  0.1193,  -0.2291,   1.0469
  0.1212,  -0.2301,   1.0478
  0.1122,  -0.2296,   1.0364
  0.1126,  -0.2334,   1.0225
  0.1177,  -0.2321,   1.0089
  0.1213,  -0.2324,   1.0053
  0.1273,  -0.2344,   1.0043
  0.1332,  -0.2316,   1.0089
  0.1365,  -0.2300,   1.0186
  0.1373,  -0.2274,   1.0240
  0.1401,  -0.2266,   1.0304
  0.1406,  -0.2280,   1.0313
  0.1370,  -0.2278,   1.0354
  0.1284,  -0.2278,   1.0280
  0.1243,  -0.2283,   1.0137
  0.1246,  -0.2290,   1.0093
  0.1304,  -0.2289,   1.0126
  0.1240,  -0.2334,   1.0222
  0.1250,  -0.2329,   1.0325
  0.1248,  -0.2321,   1.0382
  0.1182,  -0.2319,   1.0380
  0.1194,  -0.2313,   1.0337
  0.1069,  -0.2376,   1.0255
  0.0984,  -0.2351,   1.0125
  0.0941,  -0.2395,   1.0003
  0.0945,  -0.2394,   0.9897
  0.0961,  -0.2404,   0.9848
  0.1032,  -0.2410,   0.9837
  0.1028,  -0.2407,   0.9844
  0.1067,  -0.2401,   0.9886
  0.0951,  -0.2384,   0.9977
  0.0900,  -0.2317,   1.0088
  0.0969,  -0.2335,   1.0119
  0.1049,  -0.2330,   1.0056
  0.1079,  -0.2349,   0.9992
  0.1096,  -0.2379,   0.9977
  0.1050,  -0.2358,   0.9987
  0.1035,  -0.2371,   1.0005
  0.0939,  -0.2360,   1.0054
  0.0903,  -0.2366,   1.0074
  0.0867,  -0.2394,   1.0141
  0.0866,  -0.2336,   1.0336
  0.0901,  -0.2362,   1.0481
  0.0796,  -0.2338,   1.0537
  0.0969,  -0.2339,   1.0546
  0.1129,  -0.2336,   1.0435
  0.1278,  -0.2366,   1.0281
  0.1372,  -0.2363,   1.0185
  0.1448,  -0.2363,   1.0160
  0.1497,  -0.2379,   1.0137
  0.1508,  -0.2385,   1.0089
  0.1499,  -0.2417,   1.0002
  0.1375,  -0.2406,   0.9961
  0.1184,  -0.2417,   1.0006
  0.0949,  -0.2379,   1.0066
  0.0785,  -0.2412,   1.0081
  0.0780,  -0.2404,   1.0042
  0.0812,  -0.2430,   0.9964
  0.0894,  -0.2468,   0.9905
  0.0979,  -0.2473,   0.9854
  0.1071,  -0.2459,   0.9844
  0.1067,  -0.2463,   0.9822
  0.1039,  -0.2483,   0.9860
  0.0970,  -0.2440,   0.9980
  0.0916,  -0.2440,   1.0066
  0.0951,  -0.2439,   1.0075
  0.0907,  -0.2433,   1.0058
  0.0909,  -0.2427,   1.0058
  0.0869,  -0.2421,   1.0103
  0.0790,  -0.2415,   1.0196
  0.0818,  -0.2424,   1.0259
  0.0813,  -0.2422,   1.0321
  0.0820,  -0.2405,   1.0329
  0.0901,  -0.2416,   1.0237
  0.0962,  -0.2433,   1.0104
  0.1022,  -0.2432,   0.9991
  0.1010,  -0.2452,   0.9964
  0.1008,  -0.2448,   0.9954
  0.1061,  -0.2426,   1.0034
  0.1084,  -0.2410,   1.0128
  0.1099,  -0.2384,   1.0182
  0.1128,  -0.2383,   1.0214
  0.1151,  -0.2372,   1.0230
  0.1157,  -0.2367,   1.0188
  0.1171,  -0.2391,   1.0170
  0.1045,  -0.2376,   1.0275
  0.0919,  -0.2371,   1.0399
  0.0836,  -0.2346,   1.0468
  0.0797,  -0.2380,   1.0434
  0.0864,  -0.2396,   1.0318
  0.0955,  -0.2426,   1.0260
  0.0986,  -0.2427,   1.0190
  0.1011,  -0.2448,   1.0120
  0.1017,  -0.2434,   1.0142
  0.0979,  -0.2402,   1.0232
  0.0945,  -0.2409,   1.0310
  0.0985,  -0.2363,   1.0342
  0.0999,  -0.2383,   1.0341
  0.1016,  -0.2377,   1.0285
  0.1053,  -0.2372,   1.0180
  0.1117,  -0.2412,   1.0022
  0.1196,  -0.2450,   0.9862
  0.1154,  -0.2443,   0.9838
  0.1104,  -0.2445,   0.9818
  0.1086,  -0.2452,   0.9834
  0.1052,  -0.2440,   0.9948

