stroke_data:
0.1894, -0.1980, 0.1893
0.1972, -0.1970, 0.2569
0.2108, -0.1919, 0.3327
0.2315, -0.1797, 0.4167
0.2586, -0.1676, 0.5095
0.2922, -0.1660, 0.6094
0.3311, -0.1650, 0.7157
0.3741, -0.1611, 0.8273
0.4194, -0.1753, 0.9406
0.4654, -0.2043, 1.0540
0.5119, -0.2267, 1.1674
0.5584, -0.2363, 1.2813
0.6037, -0.2512, 1.3952
0.6449, -0.2813, 1.5086
0.6821, -0.3495, 1.6202
0.7133, -0.3919, 1.7324
0.7364, -0.4009, 1.8475
0.7565, -0.4017, 1.9679
0.7730, -0.4089, 2.0959
0.7855, -0.4249, 2.2310
0.7939, -0.4333, 2.3702
0.7946, -0.4206, 2.5152
0.7871, -0.3814, 2.6673
0.7697, -0.2760, 2.8247
0.7410, -0.0749, 2.9850
0.7007, 0.1908, 3.1423
0.6439, 0.5340, 3.2868
0.5631, 0.8930, 3.4084
0.4576, 1.2825, 3.4918
0.3239, 1.6702, 3.5230
0.1650, 2.0198, 3.4926
-0.0132, 2.3371, 3.3970
-0.2003, 2.6386, 3.2363
-0.3838, 2.9196, 3.0116
-0.5562, 3.1876, 2.7265
-0.7110, 3.4556, 2.3838
-0.8447, 3.7137, 1.9842
-0.9584, 3.9565, 1.5301
-1.0516, 4.1910, 1.0249
-1.1242, 4.4350, 0.4698
-1.1798, 4.6790, -0.1335
-1.2225, 4.9194, -0.7848
-1.2558, 5.1587, -1.4837
-1.2844, 5.3833, -2.2272
-1.3107, 5.5656, -3.0141
-1.3381, 5.7028, -3.8415
-1.3679, 5.8159, -4.7041
-1.3983, 5.9160, -5.5972
-1.4239, 5.9963, -6.5150
-1.4420, 6.0589, -7.4528
-1.4501, 6.1215, -8.4075
-1.4476, 6.1964, -9.3764
-1.4333, 6.2690, -10.3581
-1.4056, 6.3264, -11.3493
-1.3626, 6.3690, -12.3445
-1.3044, 6.4158, -13.3416
-1.2273, 6.4520, -14.3380
-1.1345, 6.4718, -15.3309
-1.0257, 6.4975, -16.3185
-0.9029, 6.5319, -17.2997
-0.7678, 6.5752, -18.2732
-0.6233, 6.6137, -19.2338
-0.4700, 6.6165, -20.1763
-0.3114, 6.5881, -21.0952
-0.1463, 6.5480, -21.9849
0.0287, 6.4915, -22.8416
0.2155, 6.4286, -23.6661
0.4187, 6.3902, -24.4571
0.6360, 6.4018, -25.2094
0.8703, 6.4280, -25.9118
1.1228, 6.4337, -26.5549
1.3947, 6.4335, -27.1323
1.6924, 6.4298, -27.6428
2.0130, 6.4303, -28.0876
2.3547, 6.4494, -28.4737
2.7140, 6.4839, -28.8093
3.0862, 6.5283, -29.0932
3.4690, 6.5757, -29.3208
3.8606, 6.6236, -29.4880
4.2622, 6.6775, -29.5924
4.6772, 6.7430, -29.6334
5.1111, 6.8391, -29.6110
5.5749, 6.9680, -29.5276
6.0703, 7.0975, -29.3878
6.5951, 7.2024, -29.1976
7.1481, 7.2727, -28.9622
7.7187, 7.3235, -28.6862
8.2993, 7.3369, -28.3698
8.8869, 7.3073, -28.0082
9.4792, 7.2555, -27.5985
10.0744, 7.1926, -27.1383
10.6714, 7.1161, -26.6288
11.2667, 7.0120, -26.0712
11.8590, 6.8839, -25.4707
12.4448, 6.7417, -24.8350
13.0201, 6.5819, -24.1653
13.5825, 6.4057, -23.4627
14.1320, 6.2054, -22.7291
14.6697, 5.9816, -21.9649
15.2004, 5.7590, -21.1719
15.7281, 5.5493, -20.3519
16.2588, 5.3408, -19.5062
16.7983, 5.1205, -18.6387
17.3495, 4.8797, -17.7512
17.9166, 4.6078, -16.8450
18.5030, 4.3072, -15.9176
19.1129, 4.0077, -14.9668
19.7410, 3.7422, -13.9925
20.3803, 3.5015, -12.9965
21.0272, 3.2560, -11.9805
21.6823, 3.0292, -10.9505
22.3438, 2.8471, -9.9122
23.0113, 2.7044, -8.8669
23.6799, 2.5868, -7.8175
24.3432, 2.4874, -6.7692
24.9971, 2.4116, -5.7286
25.6440, 2.3644, -4.6997
26.2920, 2.3238, -3.6849
26.9495, 2.2667, -2.6936
27.6193, 2.2131, -1.7375
28.2990, 2.1800, -0.8230
28.9864, 2.1623, 0.0480
29.6814, 2.1380, 0.8756
30.3852, 2.0856, 1.6591
31.0890, 2.0197, 2.3981
31.7899, 1.9667, 3.0913
32.4890, 1.9413, 3.7416
33.1829, 1.9634, 4.3515
33.8708, 2.0454, 4.9238
34.5500, 2.1826, 5.4579
35.2127, 2.3702, 5.9516
35.8590, 2.5924, 6.4030
36.4906, 2.8370, 6.8080
37.1111, 3.1056, 7.1637
37.7240, 3.4100, 7.4684
38.3304, 3.7408, 7.7238
38.9297, 4.0629, 7.9264
39.5202, 4.3661, 8.0708
40.1026, 4.6799, 8.1495
40.6743, 5.0201, 8.1590
41.2332, 5.3650, 8.0957
41.7785, 5.6900, 7.9550
42.3116, 5.9891, 7.7350
42.8358, 6.2307, 7.4334
43.3559, 6.4084, 7.0473
43.8719, 6.5256, 6.5785
44.3786, 6.5970, 6.0281
44.8658, 6.6696, 5.4026
45.3208, 6.7439, 4.7107
45.7329, 6.7995, 3.9661
46.0940, 6.8580, 3.1774
46.4011, 6.9447, 2.3535
46.6553, 7.0772, 1.5032
46.8609, 7.2777, 0.6347
47.0207, 7.5352, -0.2420
47.1353, 7.8167, -1.1122
47.2052, 8.1223, -1.9631
47.2336, 8.4543, -2.7864
47.2249, 8.7963, -3.5821
47.1851, 9.1435, -4.3503
47.1219, 9.5060, -5.0949
47.0375, 9.8703, -5.8255
46.9362, 10.2228, -6.5473
46.8201, 10.5531, -7.2637
46.6923, 10.8551, -7.9767
46.5546, 11.1220, -8.6856
46.4080, 11.3589, -9.3886
46.2514, 11.5536, -10.0851
46.0861, 11.6919, -10.7752
45.9090, 11.7715, -11.4559
45.7178, 11.8207, -12.1230
45.5161, 11.8487, -12.7703
45.3055, 11.9007, -13.3964
45.0868, 11.9850, -13.9949
44.8598, 12.0858, -14.5594
44.6223, 12.1919, -15.0811
44.3712, 12.3050, -15.5487
44.1032, 12.4351, -15.9518
43.8158, 12.5828, -16.2880
43.5072, 12.7546, -16.5596
43.1793, 12.9563, -16.7691
42.8343, 13.1556, -16.9233
42.4706, 13.3298, -17.0271
42.0858, 13.4716, -17.0822
41.6798, 13.5835, -17.0874
41.2539, 13.6544, -17.0427
40.8133, 13.6735, -16.9481
40.3633, 13.6587, -16.8066
39.9121, 13.6439, -16.6216
39.4674, 13.6525, -16.3991
39.0350, 13.6482, -16.1437
38.6162, 13.5776, -15.8578
38.2120, 13.4460, -15.5438
37.8253, 13.2914, -15.2004
37.4522, 13.1240, -14.8253
37.0920, 12.9337, -14.4149
36.7424, 12.7052, -13.9694
36.4016, 12.4439, -13.4910
36.0690, 12.1614, -12.9809
35.7446, 11.8637, -12.4433
35.4272, 11.5613, -11.8798
35.1152, 11.2618, -11.2905
34.8031, 10.9699, -10.6794
34.4846, 10.6728, -10.0467
34.1549, 10.3921, -9.3952
33.8123, 10.1319, -8.7290
33.4556, 9.8894, -8.0493
33.0860, 9.6568, -7.3608
32.7024, 9.4154, -6.6688
32.3058, 9.1646, -5.9785
31.8951, 8.9068, -5.2965
31.4680, 8.6607, -4.6297
31.0251, 8.4393, -3.9835
30.5639, 8.2144, -3.3619
30.0840, 7.9771, -2.7673
29.5812, 7.7504, -2.2056
29.0549, 7.5401, -1.6814
28.5052, 7.3510, -1.1971
27.9337, 7.1829, -0.7534
27.3446, 7.0384, -0.3483
26.7373, 6.9167, 0.0191
26.1130, 6.8185, 0.3502
25.4794, 6.7591, 0.6461
24.8381, 6.7454, 0.9044
24.1879, 6.7705, 1.1234
23.5331, 6.8178, 1.3019
22.8719, 6.8822, 1.4358
22.2006, 6.9572, 1.5227
21.5229, 7.0350, 1.5621
20.8423, 7.1112, 1.5523
20.1605, 7.1755, 1.4942
19.4799, 7.2335, 1.3881
18.8010, 7.2902, 1.2350
18.1239, 7.3475, 1.0362
17.4497, 7.4025, 0.7933
16.7785, 7.4546, 0.5105
16.1125, 7.5043, 0.1907
15.4530, 7.5487, -0.1625
14.8029, 7.5902, -0.5468
14.1622, 7.6335, -0.9616
13.5320, 7.6785, -1.4076
12.9124, 7.7206, -1.8834
12.3016, 7.7726, -2.3892
11.7032, 7.8317, -2.9250
11.1200, 7.8808, -3.4865
10.5520, 7.9165, -4.0692
9.9993, 7.9368, -4.6654
9.4642, 7.9584, -5.2680
8.9479, 7.9999, -5.8718
8.4516, 8.0560, -6.4733
7.9752, 8.1374, -7.0712
7.5176, 8.2511, -7.6615
7.0770, 8.3953, -8.2436
6.6487, 8.5612, -8.8181
6.2363, 8.7160, -9.3843
5.8432, 8.8443, -9.9429
5.4678, 8.9733, -10.4969
5.1152, 9.1086, -11.0461
4.7849, 9.2405, -11.5912
4.4752, 9.3548, -12.1316
4.1913, 9.4309, -12.6656
3.9391, 9.4788, -13.1961
3.7180, 9.5192, -13.7283
3.5303, 9.5460, -14.2593
3.3761, 9.5529, -14.7903
3.2495, 9.5450, -15.3220
3.1464, 9.5202, -15.8542
3.0638, 9.4778, -16.3835
2.9994, 9.4195, -16.9063
2.9526, 9.3518, -17.4156
2.9257, 9.2701, -17.9061
2.9176, 9.1942, -18.3714
2.9278, 9.1324, -18.8045
2.9537, 9.0671, -19.1958
2.9908, 8.9818, -19.5443
3.0368, 8.9118, -19.8471
3.0909, 8.8905, -20.1035
3.1468, 8.9068, -20.3135
3.2015, 8.9400, -20.4765
3.2510, 8.9915, -20.5962
3.2934, 9.0530, -20.6747
3.3311, 9.1314, -20.7181
3.3618, 9.2281, -20.7315
3.3871, 9.3335, -20.7208
3.4066, 9.4449, -20.6908
3.4226, 9.5568, -20.6455
3.4351, 9.6710, -20.5897
3.4435, 9.7877, -20.5286
3.4495, 9.8966, -20.4663
3.4561, 10.0003, -20.4046
3.4662, 10.0923, -20.3464
3.4804, 10.1573, -20.2946
3.4988, 10.2152, -20.2517
3.5195, 10.2702, -20.2193
3.5413, 10.3105, -20.1969
3.5638, 10.3409, -20.1834
3.5827, 10.3688, -20.1768
3.5999, 10.3968, -20.1767
3.6159, 10.4219, -20.1808
3.6254, 10.4358, -20.1871
3.6285, 10.4333, -20.1941
gravity:
-0.2649, -0.8684, 0.4303
-0.2577, -0.8671, 0.4318
-0.2543, -0.8658, 0.4353
-0.2410, -0.8651, 0.4399
-0.2339, -0.8652, 0.4303
-0.2272, -0.8622, 0.4312
-0.2266, -0.8608, 0.4344
-0.2317, -0.8583, 0.4521
-0.2292, -0.8568, 0.4723
-0.2327, -0.8621, 0.4884
-0.2318, -0.8604, 0.4918
-0.2321, -0.8634, 0.4938
-0.2272, -0.8601, 0.4800
-0.2157, -0.8649, 0.4696
-0.2054, -0.8621, 0.4659
-0.2030, -0.8624, 0.4620
-0.2068, -0.8618, 0.4607
-0.2012, -0.8641, 0.4570
-0.1940, -0.8718, 0.4397
-0.1904, -0.8770, 0.4164
-0.1902, -0.8861, 0.3969
-0.1887, -0.8860, 0.3868
-0.1919, -0.8925, 0.3938
-0.2114, -0.8928, 0.4017
-0.2131, -0.8889, 0.4161
-0.2286, -0.8942, 0.4250
-0.2667, -0.9100, 0.4373
-0.2817, -0.9103, 0.4490
-0.2677, -0.9109, 0.4536
-0.2737, -0.9203, 0.4639
-0.2965, -0.9189, 0.4868
-0.3118, -0.9264, 0.5178
-0.3754, -0.9454, 0.5383
-0.2715, -0.9282, 0.5438
-0.2750, -0.9639, 0.5449
-0.2799, -0.9763, 0.5276
-0.2896, -0.9850, 0.5369
-0.3154, -0.9852, 0.5406
-0.3353, -0.9819, 0.5630
-0.3413, -0.9775, 0.5948
-0.3798, -0.9775, 0.6051
-0.3989, -0.9690, 0.6145
-0.4440, -0.9519, 0.6293
-0.5878, -0.9653, 0.6367
-0.6649, -0.9171, 0.6968
-0.8281, -0.9075, 0.7416
-0.9227, -0.8689, 0.7605
-1.0692, -0.8402, 0.7867
-1.1664, -0.8245, 0.7604
-1.1947, -0.8113, 0.7002
-1.1802, -0.8037, 0.6095
-1.1621, -0.8104, 0.5125
-1.1199, -0.8048, 0.4427
-1.0784, -0.7922, 0.3828
-1.0621, -0.7914, 0.3503
-1.0233, -0.7778, 0.3326
-0.9719, -0.7664, 0.3136
-0.9185, -0.7406, 0.3169
-0.9017, -0.7115, 0.3391
-0.8704, -0.6709, 0.3580
-0.8368, -0.6425, 0.3754
-0.8079, -0.6136, 0.3932
-0.7804, -0.5902, 0.4060
-0.7357, -0.5688, 0.4108
-0.6593, -0.5438, 0.3945
-0.5864, -0.5481, 0.3585
-0.5299, -0.5547, 0.3196
-0.4686, -0.5551, 0.2822
-0.3898, -0.5692, 0.2565
-0.3276, -0.5685, 0.2395
-0.2822, -0.5698, 0.2235
-0.2288, -0.5654, 0.2091
-0.1571, -0.5559, 0.2048
-0.0857, -0.5409, 0.1980
-0.0482, -0.5316, 0.2004
0.0034, -0.5313, 0.2155
0.0730, -0.5175, 0.2255
0.1238, -0.5138, 0.2384
0.1844, -0.5023, 0.2637
0.2473, -0.4907, 0.2880
0.2987, -0.4967, 0.3038
0.3796, -0.4895, 0.3130
0.4648, -0.4919, 0.2994
0.4963, -0.5046, 0.2720
0.5354, -0.5012, 0.2515
0.6014, -0.5151, 0.2275
0.7085, -0.5110, 0.2228
0.7861, -0.5267, 0.2156
0.8583, -0.5562, 0.2065
0.9448, -0.5569, 0.1901
0.9764, -0.5907, 0.1653
0.9789, -0.5905, 0.1785
0.9633, -0.5713, 0.2075
0.9382, -0.5715, 0.2397
0.9609, -0.5702, 0.2772
1.0017, -0.5857, 0.2935
1.0382, -0.6234, 0.2970
1.0817, -0.6460, 0.2853
1.0918, -0.6986, 0.2562
1.1278, -0.7091, 0.2257
1.1112, -0.7507, 0.1864
1.0552, -0.7671, 0.2080
1.0099, -0.7555, 0.2537
0.9692, -0.7556, 0.3145
0.9629, -0.7451, 0.4060
0.9603, -0.7281, 0.4807
0.9653, -0.7346, 0.5386
0.9962, -0.7129, 0.5785
1.0015, -0.7125, 0.6055
0.9669, -0.7081, 0.6519
0.9091, -0.6770, 0.7118
0.8571, -0.6588, 0.7446
0.7891, -0.6376, 0.7990
0.7479, -0.6128, 0.8405
0.7006, -0.6127, 0.8650
0.6451, -0.6035, 0.8771
0.6125, -0.5964, 0.8618
0.5831, -0.5842, 0.8373
0.5421, -0.5566, 0.8176
0.4812, -0.5464, 0.7725
0.4191, -0.5254, 0.7572
0.3809, -0.4910, 0.7322
0.3253, -0.4736, 0.7131
0.3018, -0.4513, 0.6917
0.3020, -0.4457, 0.6797
0.2653, -0.4058, 0.7224
0.2128, -0.3507, 0.7865
0.1281, -0.3160, 0.8177
0.0619, -0.2850, 0.8160
0.0118, -0.2678, 0.8165
-0.0599, -0.2526, 0.8389
-0.1418, -0.2386, 0.8782
-0.2219, -0.2125, 0.9364
-0.2965, -0.1953, 0.9564
-0.3629, -0.1952, 0.9413
-0.4413, -0.2041, 0.8951
-0.5417, -0.2228, 0.8445
-0.6284, -0.2113, 0.8431
-0.6865, -0.1876, 0.8615
-0.7428, -0.1827, 0.8831
-0.7716, -0.1719, 0.8779
-0.8027, -0.1722, 0.9076
-0.8326, -0.1412, 0.9674
-0.8528, -0.1243, 0.9840
-0.8600, -0.1338, 0.9984
-0.8544, -0.1333, 1.0040
-0.8386, -0.1548, 1.0044
-0.8795, -0.1508, 1.0470
-0.9197, -0.1428, 1.0970
-0.9531, -0.1450, 1.1138
-0.9910, -0.1498, 1.1104
-1.0146, -0.1617, 1.0811
-1.0093, -0.1671, 1.0760
-1.0221, -0.1687, 1.0809
-1.0844, -0.1876, 1.1007
-1.1389, -0.1854, 1.1244
-1.1691, -0.2080, 1.1299
-1.2004, -0.2247, 1.1655
-1.2496, -0.2358, 1.2084
-1.2855, -0.2598, 1.2328
-1.3086, -0.2560, 1.2495
-1.3351, -0.2814, 1.2332
-1.3245, -0.2816, 1.2220
-1.3043, -0.2976, 1.2372
-1.2549, -0.2721, 1.3121
-1.1184, -0.2544, 1.3958
-1.0699, -0.2451, 1.5182
-0.9519, -0.2395, 1.6061
-0.8451, -0.2247, 1.6677
-0.7339, -0.2202, 1.6952
-0.6217, -0.2206, 1.6812
-0.5013, -0.2269, 1.6630
-0.3818, -0.2296, 1.6628
-0.2629, -0.2577, 1.6484
-0.1278, -0.2651, 1.6326
-0.0409, -0.2910, 1.5909
-0.0114, -0.3188, 1.5267
0.0087, -0.3564, 1.4546
-0.0032, -0.3967, 1.4028
-0.0497, -0.4163, 1.3738
-0.0743, -0.4312, 1.3420
-0.0947, -0.4385, 1.3119
-0.0922, -0.4530, 1.2864
-0.0833, -0.4558, 1.2646
-0.0522, -0.4575, 1.2454
-0.0535, -0.4635, 1.2284
-0.0439, -0.4651, 1.2139
-0.0165, -0.4565, 1.2094
0.0288, -0.4572, 1.1912
0.0734, -0.4518, 1.1715
0.1726, -0.4478, 1.1161
0.2285, -0.4501, 1.1066
0.2964, -0.4507, 1.1062
0.3845, -0.4352, 1.1182
0.4860, -0.4283, 1.1364
0.5789, -0.4282, 1.1570
0.6224, -0.4170, 1.1746
0.6370, -0.4176, 1.1752
0.6293, -0.4230, 1.1624
0.5930, -0.4104, 1.1656
0.5597, -0.3971, 1.1941
0.5618, -0.3776, 1.2178
0.5802, -0.3774, 1.2139
0.5704, -0.3837, 1.1935
0.5554, -0.3932, 1.1499
0.5369, -0.4164, 1.0778
0.5243, -0.4246, 1.0006
0.4917, -0.4446, 0.9241
0.4154, -0.4573, 0.8811
0.3378, -0.4666, 0.8666
0.3123, -0.4760, 0.8483
0.3243, -0.4738, 0.8270
0.3289, -0.4728, 0.8254
0.3142, -0.4697, 0.8290
0.2821, -0.4806, 0.8428
0.2548, -0.4806, 0.8575
0.2181, -0.4861, 0.8589
0.1737, -0.4692, 0.8822
0.1375, -0.4464, 0.9070
0.1027, -0.4431, 0.9398
0.0593, -0.4237, 0.9919
0.0088, -0.4094, 1.0509
-0.0123, -0.4015, 1.0923
-0.0670, -0.3871, 1.1150
-0.1212, -0.3777, 1.1224
-0.1764, -0.3599, 1.1301
-0.2572, -0.3531, 1.1327
-0.3285, -0.3401, 1.1407
-0.4156, -0.3253, 1.1543
-0.4863, -0.3224, 1.1489
-0.5424, -0.3059, 1.1477
-0.6248, -0.3096, 1.1512
-0.6888, -0.3185, 1.1552
-0.7378, -0.3108, 1.1628
-0.8009, -0.3033, 1.1652
-0.8422, -0.2874, 1.1544
-0.8634, -0.2855, 1.1213
-0.8650, -0.2909, 1.0691
-0.8774, -0.3076, 1.0299
-0.8833, -0.2949, 0.9906
-0.8812, -0.2949, 0.9388
-0.8992, -0.2964, 0.8927
-0.9138, -0.2878, 0.8660
-0.9470, -0.2972, 0.8441
-0.9724, -0.2878, 0.8435
-0.9900, -0.2759, 0.8348
-0.9974, -0.2803, 0.8082
-0.9974, -0.2738, 0.7775
-1.0015, -0.2694, 0.7520
-0.9794, -0.2872, 0.7150
-0.9625, -0.3022, 0.6880
-0.9398, -0.3018, 0.6744
-0.9110, -0.3060, 0.6447
-0.8762, -0.3132, 0.6295
-0.8386, -0.3037, 0.6066
-0.8049, -0.3162, 0.5691
-0.7687, -0.3270, 0.5399
-0.7465, -0.3315, 0.5177
-0.7262, -0.3585, 0.4846
-0.7102, -0.3683, 0.4725
-0.6692, -0.3892, 0.4467
-0.6307, -0.4197, 0.4087
-0.5909, -0.4446, 0.3864
-0.5344, -0.4580, 0.3689
-0.4658, -0.4834, 0.3513
-0.3848, -0.4969, 0.3363
-0.3278, -0.5253, 0.3043
-0.2954, -0.5704, 0.2920
-0.2494, -0.5769, 0.2864
-0.1980, -0.6118, 0.2726
-0.1736, -0.6404, 0.2927
-0.1464, -0.6384, 0.3035
-0.1334, -0.6750, 0.2699
-0.1305, -0.7018, 0.2546
-0.1031, -0.7045, 0.2383
-0.0781, -0.7545, 0.2184
-0.0696, -0.7727, 0.2416
-0.0491, -0.7782, 0.2419
-0.0348, -0.8114, 0.2008
-0.0383, -0.8253, 0.1804
-0.0284, -0.8065, 0.1733
-0.0015, -0.8173, 0.1564
0.0114, -0.8193, 0.1704
0.0259, -0.8014, 0.2065
0.0530, -0.8054, 0.2240
0.0952, -0.8176, 0.2242
0.1431, -0.8231, 0.2411
0.2174, -0.8187, 0.2391
0.2744, -0.8342, 0.2274
0.3544, -0.8281, 0.2350
0.4392, -0.8348, 0.2434
0.4897, -0.8586, 0.2697
0.5054, -0.8563, 0.3108
0.5577, -0.8636, 0.3234
0.5782, -0.8812, 0.3461
0.5686, -0.8818, 0.4009
0.5524, -0.8967, 0.4424
0.5356, -0.8999, 0.4752
0.4906, -0.9066, 0.4910
0.4453, -0.9121, 0.5066
0.0000, 0.0000, 0.0000
