stroke_data:
0.2898, 0.6106, -0.2618
0.3198, 0.6553, -0.2726
0.3493, 0.7147, -0.2816
0.3805, 0.7817, -0.2871
0.4135, 0.8517, -0.2891
0.4441, 0.9328, -0.2864
0.4730, 1.0192, -0.2773
0.5013, 1.1056, -0.2622
0.5278, 1.1990, -0.2396
0.5544, 1.2989, -0.2099
0.5803, 1.3923, -0.1749
0.6057, 1.4828, -0.1388
0.6304, 1.5756, -0.1026
0.6552, 1.6744, -0.0676
0.6841, 1.7784, -0.0362
0.7165, 1.8853, -0.0082
0.7541, 1.9969, 0.0179
0.7924, 2.1361, 0.0423
0.8295, 2.2642, 0.0691
0.8625, 2.3599, 0.1029
0.8913, 2.4452, 0.1467
0.9185, 2.5175, 0.2028
0.9462, 2.5587, 0.2736
0.9744, 2.5805, 0.3608
1.0033, 2.5865, 0.4685
1.0345, 2.5696, 0.6015
1.0687, 2.5421, 0.7633
1.1046, 2.4777, 0.9590
1.1429, 2.3722, 1.1953
1.1876, 2.2432, 1.4750
1.2411, 2.0942, 1.8023
1.3023, 1.9300, 2.1724
1.3675, 1.7282, 2.5841
1.4363, 1.4971, 3.0364
1.5063, 1.2584, 3.5256
1.5780, 1.0085, 4.0512
1.6538, 0.7392, 4.6091
1.7326, 0.4383, 5.1969
1.8143, 0.1080, 5.8111
1.8977, -0.2370, 6.4470
1.9829, -0.5931, 7.1000
2.0740, -0.9598, 7.7688
2.1733, -1.3452, 8.4499
2.2855, -1.7606, 9.1440
2.4130, -2.1842, 9.8474
2.5557, -2.6096, 10.5585
2.7155, -3.0408, 11.2754
2.8887, -3.4539, 11.9953
3.0702, -3.8499, 12.7151
3.2516, -4.2512, 13.4309
3.4267, -4.6637, 14.1378
3.5934, -5.0955, 14.8342
3.7544, -5.5385, 15.5212
3.9135, -5.9703, 16.1947
4.0698, -6.3886, 16.8524
4.2178, -6.8069, 17.4924
4.3505, -7.2329, 18.1113
4.4616, -7.6647, 18.7103
4.5503, -8.0778, 19.2922
4.6167, -8.4398, 19.8595
4.6609, -8.7607, 20.4115
4.6833, -9.0604, 20.9454
4.6840, -9.3291, 21.4592
4.6677, -9.5461, 21.9502
4.6402, -9.7215, 22.4136
4.6010, -9.8751, 22.8435
4.5512, -10.0194, 23.2365
4.4909, -10.1683, 23.5884
4.4171, -10.2956, 23.8939
4.3327, -10.4111, 24.1508
4.2424, -10.5342, 24.3600
4.1516, -10.6655, 24.5218
4.0642, -10.7963, 24.6377
3.9816, -10.9218, 24.7103
3.9060, -11.0414, 24.7441
3.8375, -11.1522, 24.7439
3.7754, -11.2331, 24.7143
3.7197, -11.2787, 24.6595
3.6659, -11.2897, 24.5812
3.6138, -11.2773, 24.4812
3.5669, -11.2449, 24.3589
3.5312, -11.2008, 24.2154
3.5108, -11.1584, 24.0515
3.5098, -11.1207, 23.8693
3.5298, -11.0848, 23.6760
3.5745, -11.0436, 23.4762
3.6451, -10.9813, 23.2776
3.7432, -10.8967, 23.0849
3.8730, -10.8226, 22.9004
4.0392, -10.7814, 22.7258
4.2465, -10.7519, 22.5642
4.5002, -10.7266, 22.4184
4.8037, -10.7247, 22.2902
5.1618, -10.7445, 22.1785
5.5751, -10.7732, 22.0838
6.0435, -10.7948, 22.0061
6.5630, -10.8070, 21.9401
7.1283, -10.8339, 21.8812
7.7341, -10.8918, 21.8258
8.3786, -10.9792, 21.7727
9.0571, -11.0841, 21.7209
9.7650, -11.1855, 21.6684
10.4911, -11.2758, 21.6142
11.2248, -11.3478, 21.5576
11.9591, -11.3923, 21.4987
12.6911, -11.4081, 21.4368
13.4213, -11.4032, 21.3738
14.1521, -11.3996, 21.3096
14.8875, -11.3907, 21.2448
15.6342, -11.3765, 21.1817
16.3937, -11.3576, 21.1217
17.1650, -11.3416, 21.0633
17.9456, -11.3433, 21.0044
18.7298, -11.3602, 20.9402
19.5099, -11.3771, 20.8678
20.2782, -11.3869, 20.7830
21.0383, -11.4062, 20.6836
21.7756, -11.4454, 20.5660
22.5011, -11.5110, 20.4314
23.2172, -11.6013, 20.2832
23.9263, -11.7003, 20.1275
24.6294, -11.7976, 19.9735
25.3274, -11.8603, 19.8295
26.0141, -11.8666, 19.7036
26.6845, -11.8207, 19.5984
27.3360, -11.7349, 19.5107
27.9611, -11.6163, 19.4388
28.5534, -11.4865, 19.3817
29.1029, -11.3602, 19.3298
29.5995, -11.2304, 19.2738
30.0339, -11.1152, 19.2037
30.3996, -11.0077, 19.1125
30.6908, -10.8855, 18.9973
30.9093, -10.7610, 18.8568
31.0590, -10.6446, 18.6916
31.1448, -10.5360, 18.5018
31.1743, -10.4126, 18.2874
31.1562, -10.2605, 18.0477
31.0959, -10.0855, 17.7822
30.9998, -9.9099, 17.4874
30.8743, -9.7484, 17.1638
30.7253, -9.5910, 16.8155
30.5582, -9.4336, 16.4467
30.3752, -9.2750, 16.0638
30.1817, -9.1029, 15.6727
29.9828, -8.9091, 15.2793
29.7846, -8.6966, 14.8882
29.5910, -8.4781, 14.5012
29.4028, -8.2433, 14.1213
29.2256, -7.9732, 13.7490
29.0649, -7.6626, 13.3854
28.9230, -7.3209, 13.0307
28.8011, -6.9599, 12.6842
28.7008, -6.5812, 12.3442
28.6217, -6.1856, 12.0077
28.5620, -5.7828, 11.6718
28.5204, -5.3948, 11.3347
28.4977, -5.0238, 10.9946
28.4978, -4.6522, 10.6499
28.5267, -4.2900, 10.2999
28.5937, -3.9383, 9.9481
28.7053, -3.5972, 9.5952
28.8562, -3.2585, 9.2410
29.0448, -2.9326, 8.8881
29.2708, -2.6443, 8.5398
29.5368, -2.4036, 8.1945
29.8521, -2.1963, 7.8551
30.2290, -2.0072, 7.5227
30.6722, -1.8387, 7.1973
31.1823, -1.7153, 6.8813
31.7546, -1.6501, 6.5759
32.3815, -1.6335, 6.2834
33.0524, -1.6487, 6.0062
33.7550, -1.6720, 5.7448
34.4788, -1.6860, 5.5010
35.2178, -1.6853, 5.2754
35.9697, -1.6852, 5.0668
36.7315, -1.7114, 4.8729
37.5028, -1.7553, 4.6913
38.2870, -1.7828, 4.5250
39.0876, -1.7874, 4.3745
39.9035, -1.8014, 4.2370
40.7329, -1.8558, 4.1076
41.5810, -1.9431, 3.9812
42.4521, -2.0340, 3.8566
43.3489, -2.1284, 3.7384
44.2751, -2.2239, 3.6331
45.2366, -2.3253, 3.5431
46.2256, -2.4197, 3.4624
47.2269, -2.4935, 3.3882
48.2288, -2.5773, 3.3170
49.2290, -2.7046, 3.2469
50.2291, -2.8535, 3.1839
51.2328, -3.0013, 3.1373
52.2423, -3.1320, 3.1153
53.2542, -3.2446, 3.1292
54.2720, -3.3272, 3.1906
55.2968, -3.3788, 3.3095
56.3345, -3.4103, 3.4894
57.4039, -3.4507, 3.7316
58.5132, -3.4764, 4.0300
59.6419, -3.5056, 4.3608
60.7594, -3.5683, 4.7121
61.8330, -3.7308, 5.0763
62.8314, -3.9948, 5.4546
63.7394, -4.3333, 5.8470
64.5570, -4.7017, 6.2629
65.2995, -4.9645, 6.7380
65.9699, -5.0976, 7.3135
66.5645, -5.1973, 7.9940
67.0687, -5.3356, 8.7585
67.4661, -5.5004, 9.5817
67.7398, -5.6441, 10.4342
67.8831, -5.7831, 11.2908
67.9049, -5.9215, 12.1380
67.8205, -6.0411, 12.9740
67.6522, -6.1554, 13.8054
67.4228, -6.2838, 14.6380
67.1483, -6.4369, 15.4811
66.8403, -6.6017, 16.3347
66.5141, -6.7741, 17.1966
66.1826, -6.9471, 18.0661
65.8524, -7.1330, 18.9468
65.5268, -7.3207, 19.8398
65.2023, -7.4620, 20.7516
64.8715, -7.4754, 21.6845
64.5253, -7.3321, 22.6303
64.1516, -7.1424, 23.5802
63.7432, -6.9879, 24.5207
63.2985, -6.8505, 25.4407
62.8203, -6.6913, 26.3337
62.3175, -6.4882, 27.1938
61.7953, -6.2515, 28.0135
61.2572, -6.0290, 28.7873
60.7104, -5.8364, 29.5136
60.1682, -5.6655, 30.1865
59.6419, -5.5110, 30.8031
59.1408, -5.4023, 31.3622
58.6726, -5.3617, 31.8631
58.2437, -5.3745, 32.3083
57.8565, -5.4184, 32.7025
57.5069, -5.4999, 33.0497
57.1865, -5.6371, 33.3558
56.8920, -5.8036, 33.6243
56.6222, -5.9614, 33.8589
56.3764, -6.0974, 34.0640
56.1547, -6.2205, 34.2457
55.9523, -6.3419, 34.4063
55.7623, -6.4492, 34.5487
55.5787, -6.5213, 34.6776
55.3957, -6.5569, 34.7924
55.2151, -6.5703, 34.8895
55.0392, -6.5761, 34.9662
54.8708, -6.5783, 35.0199
54.7131, -6.5723, 35.0508
54.5683, -6.5693, 35.0606
54.4357, -6.5633, 35.0539
54.3114, -6.5397, 35.0348
54.1901, -6.4944, 35.0053
54.0664, -6.4632, 34.9651
53.9415, -6.4695, 34.9097
53.8236, -6.4899, 34.8373
53.7140, -6.4945, 34.7502
53.6126, -6.4991, 34.6496
53.5165, -6.4620, 34.5367
53.4309, -6.4278, 34.4197
53.3553, -6.3755, 34.2980
53.2838, -6.3149, 34.1762
53.2176, -6.2608, 34.0604
53.1555, -6.2261, 33.9545
53.0999, -6.1954, 33.8651
53.0519, -6.1765, 33.7956
53.0080, -6.1670, 33.7437
52.9670, -6.1728, 33.7071
52.9302, -6.1550, 33.6804
52.8980, -6.1391, 33.6608
52.8729, -6.1401, 33.6483
52.8530, -6.1541, 33.6422
52.8356, -6.1575, 33.6420
52.8239, -6.1597, 33.6499
52.8270, -6.2236, 33.6661
gravity:
0.2224, -0.9556, 0.2228
0.2246, -0.9562, 0.2310
0.2329, -0.9591, 0.2311
0.2340, -0.9592, 0.2336
0.2406, -0.9609, 0.2375
0.2494, -0.9592, 0.2418
0.2498, -0.9569, 0.2468
0.2511, -0.9565, 0.2522
0.2518, -0.9540, 0.2577
0.2418, -0.9525, 0.2649
0.2341, -0.9517, 0.2633
0.2397, -0.9514, 0.2601
0.2388, -0.9547, 0.2507
0.2432, -0.9598, 0.2451
0.2488, -0.9636, 0.2477
0.2488, -0.9609, 0.2523
0.2521, -0.9689, 0.2572
0.2601, -0.9679, 0.2662
0.2592, -0.9674, 0.2731
0.2615, -0.9663, 0.2719
0.2682, -0.9712, 0.2678
0.2703, -0.9709, 0.2706
0.2664, -0.9675, 0.2800
0.2798, -0.9631, 0.2921
0.2892, -0.9648, 0.2943
0.2981, -0.9653, 0.2925
0.3129, -0.9662, 0.2856
0.3143, -0.9631, 0.2766
0.2942, -0.9622, 0.2815
0.2842, -0.9645, 0.2819
0.2865, -0.9631, 0.2721
0.2935, -0.9701, 0.2560
0.2996, -0.9711, 0.2412
0.3158, -0.9680, 0.2340
0.3340, -0.9620, 0.2362
0.4158, -0.9718, 0.2627
0.4348, -0.9551, 0.2826
0.4834, -0.9509, 0.2935
0.5442, -0.9456, 0.2841
0.5765, -0.9464, 0.2739
0.6013, -0.9442, 0.2665
0.6477, -0.9382, 0.2678
0.6932, -0.9323, 0.2717
0.7366, -0.9285, 0.2723
0.7937, -0.9276, 0.2703
0.8221, -0.9204, 0.2823
0.8715, -0.9092, 0.2819
0.9138, -0.9047, 0.2570
0.9138, -0.9031, 0.2545
0.8892, -0.8767, 0.2771
0.8441, -0.8607, 0.2981
0.8182, -0.8425, 0.3119
0.7919, -0.8298, 0.3158
0.7477, -0.8220, 0.3158
0.6946, -0.8118, 0.3207
0.6329, -0.8013, 0.3315
0.5770, -0.8019, 0.3406
0.5144, -0.7953, 0.3461
0.4564, -0.7985, 0.3357
0.4075, -0.8060, 0.3123
0.3601, -0.8174, 0.2930
0.3081, -0.8348, 0.2720
0.2734, -0.8408, 0.2516
0.2225, -0.8425, 0.2490
0.1726, -0.8578, 0.2482
0.1292, -0.8508, 0.2865
0.0735, -0.8419, 0.3420
-0.0005, -0.8311, 0.4158
-0.0674, -0.8213, 0.4680
-0.1134, -0.8245, 0.4908
-0.1284, -0.8384, 0.4801
-0.1559, -0.8672, 0.4696
-0.2012, -0.8566, 0.5042
-0.2576, -0.8555, 0.5608
-0.3009, -0.8557, 0.6268
-0.3065, -0.8411, 0.6724
-0.2996, -0.8508, 0.6686
-0.2927, -0.8733, 0.6510
-0.3242, -0.8688, 0.6449
-0.3921, -0.8790, 0.6339
-0.4258, -0.8679, 0.6162
-0.4462, -0.8850, 0.5559
-0.5216, -0.8988, 0.5131
-0.5931, -0.8899, 0.5029
-0.6460, -0.8875, 0.4866
-0.7106, -0.8953, 0.4900
-0.7255, -0.8940, 0.4976
-0.7745, -0.9063, 0.4648
-0.7888, -0.9156, 0.4286
-0.7861, -0.9252, 0.3796
-0.7809, -0.9254, 0.3413
-0.7583, -0.9148, 0.3108
-0.7253, -0.9080, 0.2860
-0.6926, -0.8857, 0.2704
-0.6324, -0.8641, 0.2534
-0.6045, -0.8583, 0.2455
-0.5704, -0.8281, 0.2529
-0.5571, -0.8026, 0.2371
-0.5342, -0.7888, 0.1964
-0.5065, -0.7686, 0.1509
-0.4808, -0.7618, 0.1051
-0.4276, -0.7568, 0.0625
-0.3550, -0.7542, 0.0211
-0.2854, -0.7576, -0.0128
-0.1996, -0.7476, -0.0389
-0.1351, -0.7469, -0.0693
-0.1136, -0.7512, -0.0968
-0.0770, -0.7426, -0.1289
-0.0140, -0.7380, -0.1643
0.0328, -0.7245, -0.1941
0.0502, -0.7097, -0.2170
0.0649, -0.6886, -0.2262
0.0872, -0.6610, -0.2236
0.0920, -0.6461, -0.2056
0.0675, -0.6205, -0.1589
0.0209, -0.5940, -0.1017
-0.0094, -0.5706, -0.0457
-0.0244, -0.5524, 0.0022
-0.0370, -0.5461, 0.0493
-0.0449, -0.5363, 0.1174
-0.0621, -0.5488, 0.2002
-0.0759, -0.5558, 0.2821
-0.0804, -0.5776, 0.3466
-0.0858, -0.6039, 0.3925
-0.0886, -0.6298, 0.4196
-0.1167, -0.6692, 0.4286
-0.1121, -0.6931, 0.4294
-0.0991, -0.7229, 0.4243
-0.0968, -0.7476, 0.4457
-0.1184, -0.7511, 0.5001
-0.1522, -0.7505, 0.5566
-0.1838, -0.7487, 0.6290
-0.1947, -0.7444, 0.7052
-0.2128, -0.7554, 0.7672
-0.2460, -0.7583, 0.8196
-0.2532, -0.7635, 0.8507
-0.2356, -0.7817, 0.8610
-0.2095, -0.7894, 0.8523
-0.1553, -0.8120, 0.8516
-0.0808, -0.8420, 0.8386
0.0024, -0.8905, 0.8499
0.0416, -0.9137, 0.8965
0.0397, -0.9275, 0.9625
0.0072, -0.9520, 1.0297
-0.0200, -0.9486, 1.1208
-0.0787, -0.9486, 1.2219
-0.1721, -0.9456, 1.3522
-0.2407, -0.9236, 1.4775
-0.3589, -0.9292, 1.5874
-0.4233, -0.9045, 1.6731
-0.4379, -0.9128, 1.7181
-0.4764, -0.9241, 1.7356
-0.4852, -0.9224, 1.7194
-0.4839, -0.9270, 1.6663
-0.4832, -0.9218, 1.5981
-0.4713, -0.9122, 1.5242
-0.4822, -0.8939, 1.4598
-0.5093, -0.8612, 1.3929
-0.5067, -0.8384, 1.3142
-0.4597, -0.8108, 1.2361
-0.4144, -0.7837, 1.1583
-0.3577, -0.7590, 1.0857
-0.2969, -0.7361, 1.0033
-0.2395, -0.7134, 0.9227
-0.1927, -0.6930, 0.8457
-0.1692, -0.6685, 0.7831
-0.1400, -0.6504, 0.7169
-0.1002, -0.6368, 0.6447
-0.0687, -0.6233, 0.5771
-0.0607, -0.6038, 0.5392
-0.0526, -0.5747, 0.5173
-0.0538, -0.5542, 0.4916
-0.0651, -0.5311, 0.4868
-0.0795, -0.4899, 0.4950
-0.0956, -0.4712, 0.4896
-0.0946, -0.4421, 0.4622
-0.0721, -0.4231, 0.4054
-0.0511, -0.4067, 0.3413
-0.0090, -0.3954, 0.2593
0.0181, -0.3970, 0.2162
0.0544, -0.3624, 0.2235
0.0880, -0.3468, 0.2203
0.1021, -0.3549, 0.2012
0.1208, -0.3613, 0.1567
0.1683, -0.3760, 0.0840
0.2213, -0.3976, 0.0149
0.2528, -0.4072, 0.0013
0.2781, -0.4031, 0.0325
0.3033, -0.4037, 0.0870
0.3370, -0.3906, 0.1595
0.3713, -0.3760, 0.2491
0.3928, -0.3629, 0.3553
0.4153, -0.3344, 0.4453
0.4152, -0.3391, 0.5000
0.3911, -0.3408, 0.5594
0.3502, -0.3247, 0.5980
0.3448, -0.3315, 0.6071
0.3757, -0.3239, 0.5970
0.3690, -0.3506, 0.5797
0.3099, -0.3596, 0.6130
0.2477, -0.3354, 0.6377
0.2241, -0.3414, 0.6222
0.2365, -0.3385, 0.6130
0.2850, -0.3483, 0.5963
0.3461, -0.3677, 0.6157
0.3303, -0.3522, 0.5796
0.2620, -0.3634, 0.6863
0.2738, -0.2985, 0.8401
0.2203, -0.2834, 0.9602
0.2041, -0.2827, 1.0295
0.2870, -0.2880, 1.0380
0.3751, -0.3053, 1.0323
0.4628, -0.2858, 1.0560
0.5591, -0.2729, 1.0673
0.6682, -0.2692, 1.0391
0.7511, -0.2777, 0.9995
0.7997, -0.2822, 0.9313
0.8215, -0.2761, 0.8210
0.9552, -0.2798, 0.8547
0.6547, -0.1639, 1.1124
0.5350, -0.0697, 1.4240
0.4188, 0.0232, 1.7864
0.4604, 0.1068, 2.0588
0.4929, 0.1499, 2.1807
0.6055, 0.1266, 2.2223
0.9832, 0.0404, 2.1366
0.9607, -0.0978, 2.2903
0.9148, -0.0922, 2.4089
0.7333, -0.0302, 2.5437
0.5037, 0.0072, 2.6730
0.2955, 0.0970, 2.7496
0.1025, 0.1506, 2.7245
0.0099, 0.1450, 2.5692
0.0344, 0.1501, 2.3517
0.0767, 0.1422, 2.0850
0.1411, 0.1107, 1.8434
0.2169, 0.1218, 1.6501
0.2511, 0.1364, 1.4991
0.2273, 0.1414, 1.3578
0.2352, 0.1465, 1.2468
0.2474, 0.1447, 1.1748
0.2582, 0.1454, 1.1359
0.3090, 0.1691, 1.1333
0.3533, 0.1836, 1.1422
0.2836, 0.1936, 1.1904
0.1106, 0.2205, 1.2773
-0.0586, 0.2483, 1.3409
-0.1639, 0.2563, 1.3433
-0.2262, 0.2524, 1.2971
-0.2877, 0.2177, 1.2172
-0.3887, 0.1892, 1.1635
-0.4938, 0.1830, 1.1222
-0.5337, 0.1517, 1.0426
-0.5731, 0.1128, 0.9308
-0.6051, 0.0806, 0.8300
-0.6615, 0.0519, 0.7523
-0.6948, 0.0205, 0.6868
-0.6727, -0.0126, 0.6318
-0.6375, -0.0421, 0.6216
-0.6195, -0.0479, 0.6473
-0.6106, -0.0481, 0.6847
-0.5709, -0.0632, 0.6927
-0.5232, -0.0885, 0.6794
-0.4808, -0.1141, 0.6782
-0.4396, -0.1528, 0.6840
-0.4178, -0.1707, 0.7240
-0.3691, -0.1816, 0.7690
-0.3186, -0.1937, 0.8225
-0.3113, -0.2112, 0.8529
-0.3354, -0.2421, 0.8544
-0.3564, -0.2632, 0.8450
-0.3628, -0.2825, 0.8237
-0.3390, -0.3071, 0.7985
-0.3107, -0.3301, 0.7980
-0.2671, -0.3430, 0.8206
-0.2256, -0.3459, 0.8644
-0.1871, -0.3336, 0.9199
-0.2042, -0.3364, 0.9514
-0.2260, -0.3331, 0.9408
-0.1763, -0.3365, 0.8916
0.0000, 0.0000, 0.0000
