stroke_data:
-0.1098, -0.3137, -0.4561
-0.1225, -0.3115, -0.4855
-0.1374, -0.3023, -0.5119
-0.1524, -0.2883, -0.5359
-0.1698, -0.2750, -0.5577
-0.1877, -0.2569, -0.5770
-0.2062, -0.2324, -0.5952
-0.2247, -0.1997, -0.6116
-0.2403, -0.1617, -0.6281
-0.2524, -0.1290, -0.6445
-0.2603, -0.1021, -0.6604
-0.2630, -0.0794, -0.6780
-0.2580, -0.0549, -0.6979
-0.2460, -0.0316, -0.7208
-0.2276, -0.0141, -0.7478
-0.2027, 0.0080, -0.7766
-0.1742, 0.0455, -0.8071
-0.1423, 0.0887, -0.8405
-0.1051, 0.1256, -0.8775
-0.0625, 0.1548, -0.9198
-0.0130, 0.1816, -0.9673
0.0448, 0.2137, -1.0195
0.1126, 0.2547, -1.0747
0.1891, 0.2903, -1.1304
0.2774, 0.3025, -1.1850
0.3774, 0.2789, -1.2343
0.4851, 0.2224, -1.2760
0.5975, 0.1565, -1.3089
0.7145, 0.0742, -1.3259
0.8374, -0.0509, -1.3212
0.9698, -0.1908, -1.2901
1.1156, -0.3224, -1.2261
1.2749, -0.4786, -1.1193
1.4494, -0.6736, -0.9632
1.6381, -0.9003, -0.7560
1.8402, -1.1446, -0.4954
2.0588, -1.3895, -0.1815
2.2985, -1.6185, 0.1859
2.5652, -1.8293, 0.6085
2.8648, -2.0572, 1.0874
3.1961, -2.3238, 1.6261
3.5502, -2.6033, 2.2271
3.9226, -2.8904, 2.8879
4.3084, -3.1781, 3.6045
4.7066, -3.4705, 4.3698
5.1177, -3.7852, 5.1791
5.5416, -4.1258, 6.0289
5.9815, -4.4892, 6.9145
6.4325, -4.8867, 7.8329
6.8852, -5.3035, 8.7772
7.3309, -5.7420, 9.7409
7.7631, -6.2099, 10.7186
8.1818, -6.7007, 11.7028
8.5941, -7.2067, 12.6940
9.0057, -7.6957, 13.6911
9.4186, -8.1484, 14.6906
9.8285, -8.5664, 15.6906
10.2319, -8.9486, 16.6871
10.6231, -9.2950, 17.6701
10.9954, -9.6032, 18.6303
11.3454, -9.8898, 19.5593
11.6679, -10.1804, 20.4490
11.9686, -10.4740, 21.2935
12.2506, -10.7846, 22.0817
12.5079, -11.1081, 22.8071
12.7494, -11.4457, 23.4726
12.9768, -11.7769, 24.0800
13.1936, -12.0922, 24.6334
13.3975, -12.3840, 25.1376
13.5903, -12.6430, 25.5989
13.7695, -12.8614, 26.0191
13.9341, -13.0500, 26.4017
14.0899, -13.2191, 26.7509
14.2275, -13.3642, 27.0684
14.3305, -13.4788, 27.3560
14.4017, -13.5488, 27.6195
14.4454, -13.5466, 27.8595
14.4598, -13.4851, 28.0772
14.4466, -13.3820, 28.2703
14.4104, -13.2313, 28.4358
14.3502, -13.0325, 28.5714
14.2637, -12.7832, 28.6770
14.1501, -12.4929, 28.7521
14.0065, -12.1720, 28.7938
13.8331, -11.8159, 28.8014
13.6332, -11.4258, 28.7709
13.4122, -11.0227, 28.6999
13.1713, -10.6432, 28.5855
12.9063, -10.2830, 28.4235
12.6190, -9.9099, 28.2128
12.3088, -9.5250, 27.9569
11.9722, -9.1349, 27.6588
11.6068, -8.7418, 27.3219
11.2110, -8.3423, 26.9498
10.7840, -7.9481, 26.5472
10.3271, -7.5691, 26.1171
9.8396, -7.1913, 25.6617
9.3246, -6.8041, 25.1828
8.7850, -6.4075, 24.6810
8.2212, -6.0086, 24.1622
7.6346, -5.6097, 23.6316
7.0257, -5.1890, 23.0976
6.3933, -4.7138, 22.5676
5.7386, -4.1553, 22.0518
5.0634, -3.5192, 21.5617
4.3664, -2.8421, 21.1087
3.6507, -2.1386, 20.6996
2.9191, -1.3887, 20.3404
2.1711, -0.5843, 20.0353
1.4061, 0.2783, 19.7853
0.6206, 1.1696, 19.5875
-0.1891, 2.0662, 19.4302
-1.0228, 2.9640, 19.2993
-1.8770, 3.8706, 19.1761
-2.7547, 4.7713, 19.0440
-3.6588, 5.6426, 18.8867
-4.5793, 6.4583, 18.6984
-5.5075, 7.2040, 18.4748
-6.4398, 7.8817, 18.2171
-7.3733, 8.5043, 17.9325
-8.2967, 9.0834, 17.6273
-9.2050, 9.6108, 17.3063
-10.0921, 10.0696, 16.9729
-10.9445, 10.4462, 16.6243
-11.7583, 10.7618, 16.2611
-12.5291, 11.0217, 15.8843
-13.2689, 11.2381, 15.4952
-13.9776, 11.4152, 15.0961
-14.6570, 11.5394, 14.6918
-15.3087, 11.6144, 14.2880
-15.9341, 11.6800, 13.8842
-16.5265, 11.7280, 13.4787
-17.0903, 11.7472, 13.0702
-17.6329, 11.7318, 12.6582
-18.1397, 11.6888, 12.2457
-18.6212, 11.6235, 11.8284
-19.0711, 11.5383, 11.4111
-19.4945, 11.4372, 10.9962
-19.8728, 11.3138, 10.5871
-20.2024, 11.1728, 10.1904
-20.4774, 11.0247, 9.8107
-20.6913, 10.8749, 9.4539
-20.8395, 10.7222, 9.1252
-20.9232, 10.5871, 8.8277
-20.9476, 10.4807, 8.5671
-20.9191, 10.4107, 8.3482
-20.8461, 10.3842, 8.1751
-20.7308, 10.4034, 8.0460
-20.5750, 10.4484, 7.9550
-20.3799, 10.5117, 7.8975
-20.1484, 10.5949, 7.8664
-19.8811, 10.6851, 7.8593
-19.5757, 10.7700, 7.8769
-19.2280, 10.8544, 7.9233
-18.8357, 10.9517, 7.9984
-18.3982, 11.0666, 8.1023
-17.9179, 11.2055, 8.2326
-17.3976, 11.3585, 8.3852
-16.8404, 11.4986, 8.5519
-16.2463, 11.5854, 8.7250
-15.6151, 11.6110, 8.8987
-14.9429, 11.5833, 9.0706
-14.2248, 11.5110, 9.2379
-13.4622, 11.3905, 9.3940
-12.6603, 11.2219, 9.5343
-11.8196, 11.0340, 9.6605
-10.9361, 10.8167, 9.7767
-10.0021, 10.5401, 9.8835
-9.0159, 10.2107, 9.9838
-7.9769, 9.8632, 10.0824
-6.8879, 9.5250, 10.1793
-5.7521, 9.2056, 10.2761
-4.5693, 8.9308, 10.3794
-3.3424, 8.6906, 10.4903
-2.0815, 8.4557, 10.6036
-0.7972, 8.2055, 10.7157
0.5048, 7.9325, 10.8231
1.8026, 7.6659, 10.9217
3.1163, 7.4128, 11.0062
4.4523, 7.1421, 11.0795
5.8141, 6.8438, 11.1417
7.2041, 6.5332, 11.1928
8.6299, 6.2279, 11.2298
10.0874, 5.8956, 11.2497
11.5777, 5.5181, 11.2532
13.1044, 5.0608, 11.2321
14.6429, 4.5424, 11.1799
16.1790, 4.0135, 11.0948
17.6993, 3.4799, 10.9792
19.1961, 2.9633, 10.8430
20.6594, 2.4713, 10.7010
22.0835, 2.0111, 10.5701
23.4699, 1.6007, 10.4657
24.8124, 1.2496, 10.3976
26.1120, 0.9425, 10.3741
27.3494, 0.6853, 10.3929
28.5064, 0.4692, 10.4475
29.5595, 0.3164, 10.5243
30.4988, 0.2142, 10.6135
31.3219, 0.1624, 10.7063
32.0346, 0.1675, 10.7931
32.6534, 0.2090, 10.8671
33.1877, 0.2470, 10.9217
33.6505, 0.2457, 10.9504
34.0533, 0.2051, 10.9469
34.4098, 0.1398, 10.9070
34.7282, 0.0440, 10.8301
35.0125, -0.1082, 10.7198
35.2710, -0.3243, 10.5824
35.5095, -0.5791, 10.4257
35.7310, -0.8533, 10.2544
35.9349, -1.1334, 10.0760
36.1224, -1.4071, 9.8964
36.2952, -1.6566, 9.7203
36.4528, -1.8698, 9.5531
36.5892, -2.0513, 9.3958
36.7004, -2.2111, 9.2502
36.7799, -2.3673, 9.1158
36.8253, -2.5259, 8.9914
36.8356, -2.6705, 8.8764
36.8159, -2.7780, 8.7690
36.7727, -2.8562, 8.6704
36.7149, -2.9291, 8.5794
36.6488, -3.0050, 8.4937
36.5792, -3.0949, 8.4098
36.5085, -3.1948, 8.3271
36.4407, -3.2906, 8.2461
36.3752, -3.3630, 8.1674
36.3150, -3.4107, 8.0923
36.2590, -3.4378, 8.0225
36.2070, -3.4485, 7.9591
36.1568, -3.4516, 7.9034
36.1048, -3.4523, 7.8541
36.0476, -3.4478, 7.8077
35.9797, -3.4544, 7.7613
35.8990, -3.4809, 7.7114
35.8042, -3.5292, 7.6557
35.6988, -3.5974, 7.5941
35.5841, -3.6827, 7.5289
35.4658, -3.7779, 7.4626
35.3481, -3.8708, 7.3969
35.2333, -3.9490, 7.3347
35.1227, -4.0107, 7.2772
35.0173, -4.0678, 7.2237
34.9184, -4.1278, 7.1745
34.8259, -4.1919, 7.1293
gravity:
0.0345, -0.7053, 0.7687
0.0378, -0.7010, 0.7747
0.0336, -0.6991, 0.7811
0.0212, -0.6985, 0.7892
0.0238, -0.6953, 0.7922
0.0298, -0.6995, 0.7935
0.0304, -0.7006, 0.7917
0.0364, -0.6990, 0.7837
0.0454, -0.7019, 0.7737
0.0497, -0.7078, 0.7627
0.0591, -0.7126, 0.7568
0.0635, -0.7135, 0.7551
0.0643, -0.7076, 0.7588
0.0583, -0.7036, 0.7678
0.0649, -0.6947, 0.7755
0.0686, -0.6932, 0.7755
0.0723, -0.6901, 0.7729
0.0813, -0.6884, 0.7721
0.0831, -0.6912, 0.7722
0.0869, -0.6890, 0.7809
0.0844, -0.6887, 0.7836
0.0813, -0.6877, 0.7782
0.0773, -0.6898, 0.7748
0.0820, -0.6936, 0.7679
0.0790, -0.6947, 0.7600
0.0781, -0.6935, 0.7534
0.0752, -0.6993, 0.7354
0.0618, -0.7065, 0.7247
0.0585, -0.7085, 0.7179
0.0547, -0.7081, 0.7136
0.0555, -0.7032, 0.7039
0.0513, -0.7069, 0.6962
0.0527, -0.7020, 0.6986
0.0682, -0.6987, 0.7072
0.0790, -0.6935, 0.7106
0.0685, -0.6945, 0.7159
0.0647, -0.6882, 0.7125
0.0673, -0.6882, 0.6978
0.0858, -0.6906, 0.6893
0.1177, -0.6940, 0.6776
0.1472, -0.7063, 0.6675
0.1779, -0.7103, 0.6646
0.2155, -0.7146, 0.6663
0.2689, -0.7288, 0.6686
0.3175, -0.7339, 0.6837
0.4005, -0.7281, 0.6957
0.4756, -0.7395, 0.7004
0.5500, -0.7513, 0.6991
0.6704, -0.7362, 0.6721
0.7493, -0.7485, 0.6473
0.8142, -0.7559, 0.6500
0.8591, -0.7373, 0.6512
0.8910, -0.7269, 0.6544
0.9188, -0.7015, 0.6499
0.9320, -0.6755, 0.6229
0.9458, -0.6576, 0.5831
0.9597, -0.6307, 0.5435
0.9357, -0.6200, 0.5164
0.9250, -0.5853, 0.5541
0.9304, -0.5436, 0.6205
0.8987, -0.5061, 0.6582
0.8368, -0.4695, 0.6940
0.7704, -0.4344, 0.7095
0.7065, -0.4161, 0.7126
0.6429, -0.3923, 0.7312
0.6090, -0.3652, 0.7325
0.5313, -0.3452, 0.8021
0.4617, -0.2905, 0.9023
0.3848, -0.2603, 0.9894
0.2950, -0.2501, 1.0603
0.2288, -0.2125, 1.0852
0.1848, -0.2184, 1.0588
0.1611, -0.2290, 1.0221
0.0988, -0.2308, 1.0253
0.0317, -0.2174, 1.0647
-0.0516, -0.2074, 1.1024
-0.1697, -0.1929, 1.1469
-0.2920, -0.1958, 1.1925
-0.4081, -0.1918, 1.2300
-0.5293, -0.1946, 1.2665
-0.6196, -0.1943, 1.2709
-0.7184, -0.2024, 1.2523
-0.7806, -0.2201, 1.2252
-0.8105, -0.2391, 1.1952
-0.8092, -0.2640, 1.1700
-0.8073, -0.2740, 1.1694
-0.7946, -0.2983, 1.1722
-0.7758, -0.3002, 1.1758
-0.7563, -0.3037, 1.1676
-0.7539, -0.3195, 1.1754
-0.7386, -0.3328, 1.2166
-0.7162, -0.3397, 1.2676
-0.6973, -0.3477, 1.3169
-0.6686, -0.3676, 1.3585
-0.6444, -0.3646, 1.3744
-0.6532, -0.3878, 1.3700
-0.6731, -0.4232, 1.3663
-0.6869, -0.4479, 1.3540
-0.6976, -0.4648, 1.3704
-0.6997, -0.4917, 1.3990
-0.7173, -0.5187, 1.4371
-0.7314, -0.5381, 1.4678
-0.7407, -0.5557, 1.4758
-0.7539, -0.5765, 1.4618
-0.7642, -0.5911, 1.4500
-0.8049, -0.5917, 1.4788
-0.8159, -0.5852, 1.4945
-0.7786, -0.5768, 1.5010
-0.7574, -0.5609, 1.5304
-0.7272, -0.5432, 1.5516
-0.6816, -0.5453, 1.5594
-0.6326, -0.5383, 1.5686
-0.5973, -0.5490, 1.5641
-0.5555, -0.5573, 1.5432
-0.5054, -0.5558, 1.5214
-0.4641, -0.5559, 1.4897
-0.4148, -0.5520, 1.4602
-0.3502, -0.5583, 1.4331
-0.2787, -0.5693, 1.4143
-0.1711, -0.5737, 1.4000
-0.0588, -0.5933, 1.3832
0.0745, -0.6172, 1.3541
0.1968, -0.6398, 1.3398
0.2883, -0.6595, 1.3394
0.3615, -0.6785, 1.3165
0.4462, -0.6849, 1.2784
0.4955, -0.6794, 1.2607
0.5245, -0.6841, 1.2483
0.4829, -0.6440, 1.2480
0.3936, -0.6450, 1.2249
0.2834, -0.6086, 1.1761
0.1533, -0.5719, 1.1394
0.0229, -0.5465, 1.0878
-0.0865, -0.5045, 1.0319
-0.1555, -0.4644, 0.9574
-0.1979, -0.4464, 0.8822
-0.1885, -0.4204, 0.7961
-0.1456, -0.4222, 0.6947
-0.0958, -0.4337, 0.5883
-0.0685, -0.4465, 0.4712
-0.0726, -0.4479, 0.3394
-0.0995, -0.4467, 0.2450
-0.0920, -0.4537, 0.1631
-0.0898, -0.4453, 0.1333
-0.0934, -0.4293, 0.1261
-0.0623, -0.4176, 0.1188
-0.0560, -0.4008, 0.1018
-0.0387, -0.4032, 0.0819
-0.0148, -0.3815, 0.0466
-0.0608, -0.3759, 0.0110
-0.0726, -0.3674, -0.0057
-0.0886, -0.3442, -0.0179
-0.0814, -0.3506, -0.0632
-0.0673, -0.3527, -0.1107
-0.0530, -0.3525, -0.1554
-0.0239, -0.3480, -0.2219
0.0192, -0.3563, -0.3007
0.0580, -0.3892, -0.3795
0.1190, -0.4011, -0.4490
0.1685, -0.4281, -0.5221
0.2000, -0.4509, -0.5697
0.2644, -0.4542, -0.5735
0.3223, -0.4535, -0.5491
0.3777, -0.4471, -0.4960
0.4102, -0.4363, -0.4369
0.4093, -0.4395, -0.4047
0.3544, -0.4409, -0.3831
0.3212, -0.4452, -0.3573
0.2816, -0.4486, -0.3306
0.2509, -0.4532, -0.3131
0.2494, -0.4602, -0.3069
0.2677, -0.4667, -0.3081
0.2734, -0.4633, -0.3031
0.2605, -0.4563, -0.2759
0.2472, -0.4324, -0.2452
0.2074, -0.4104, -0.2030
0.1479, -0.3868, -0.1602
0.0724, -0.3768, -0.1384
0.0377, -0.3699, -0.1168
0.0303, -0.3618, -0.1118
0.0105, -0.3639, -0.1052
-0.0360, -0.3469, -0.0680
-0.0536, -0.3391, -0.0223
-0.0098, -0.3464, 0.0005
-0.0056, -0.3590, -0.0032
-0.0247, -0.3668, -0.0146
0.0081, -0.3538, 0.0024
0.0481, -0.3381, 0.0229
0.0684, -0.3197, 0.0530
0.0775, -0.2983, 0.1033
0.1144, -0.2874, 0.1455
0.0884, -0.2754, 0.2267
0.0409, -0.2325, 0.3563
0.0060, -0.1978, 0.4681
-0.0272, -0.1760, 0.5669
-0.0548, -0.1694, 0.6532
-0.0599, -0.1863, 0.6886
-0.0886, -0.2264, 0.6837
-0.0952, -0.2390, 0.6943
-0.0865, -0.2310, 0.6991
-0.0764, -0.2128, 0.6932
-0.1461, -0.1940, 0.7212
-0.1432, -0.1974, 0.8486
-0.1758, -0.1771, 0.9865
-0.2028, -0.1498, 1.1393
-0.1216, -0.1233, 1.3151
-0.1074, -0.1213, 1.4764
-0.0074, -0.1384, 1.5974
0.0879, -0.1654, 1.7125
0.2114, -0.1855, 1.7974
0.3163, -0.2231, 1.8275
0.3945, -0.2675, 1.8677
0.4095, -0.2612, 1.9844
0.3845, -0.2587, 2.1342
0.2738, -0.2432, 2.3242
0.1920, -0.2144, 2.4834
0.0706, -0.2213, 2.5675
-0.0199, -0.2291, 2.5867
-0.1011, -0.2391, 2.5348
-0.1777, -0.2692, 2.4235
-0.2516, -0.2831, 2.3193
-0.3132, -0.2844, 2.2200
-0.3440, -0.2751, 2.0956
-0.3401, -0.2748, 1.9657
-0.3201, -0.2650, 1.8608
-0.2930, -0.2518, 1.7792
-0.2305, -0.2430, 1.6853
-0.1537, -0.2240, 1.5858
-0.0835, -0.2064, 1.5212
-0.0118, -0.1760, 1.4645
0.0479, -0.1509, 1.4038
0.1150, -0.1326, 1.3413
0.1598, -0.1138, 1.3044
0.1782, -0.0856, 1.3082
0.1851, -0.0583, 1.3276
0.1763, -0.0388, 1.3573
0.1676, -0.0195, 1.3679
0.1726, -0.0148, 1.3446
0.1912, -0.0187, 1.2985
0.1860, -0.0339, 1.2324
0.1692, -0.0516, 1.1658
0.1503, -0.0640, 1.1239
0.1278, -0.0613, 1.1101
0.1262, -0.0726, 1.0823
0.1306, -0.0901, 1.0682
0.0000, 0.0000, 0.0000
