0: 3.235, -4.272,  -1.892 | 0.019, -0.009, 1.042
1: 3.174, -4.211,  -1.892 | 0.017, -0.008, 1.043
2: 3.174, -4.333,  -1.892 | 0.017, -0.006, 1.044
3: 3.174, -4.333,  -1.892 | 0.016, -0.006, 1.043
4: 3.296, -4.333,  -1.892 | 0.017, -0.007, 1.045
5: 3.235, -4.272,  -1.892 | 0.018, -0.007, 1.044
6: 3.296, -4.333,  -1.831 | 0.020, -0.008, 1.044
7: 3.296, -4.333,  -1.892 | 0.020, -0.007, 1.044
8: 3.235, -4.333,  -1.953 | 0.018, -0.008, 1.045
9: 3.296, -4.272,  -1.953 | 0.016, -0.008, 1.043
10: 3.296, -4.272,  -1.892 | 0.015, -0.007, 1.046
11: 3.113, -4.395,  -1.892 | 0.017, -0.007, 1.043
12: 3.174, -4.333,  -1.892 | 0.017, -0.007, 1.046
13: 3.235, -4.333,  -1.953 | 0.018, -0.007, 1.044
14: 3.174, -4.333,  -1.892 | 0.020, -0.007, 1.044
15: 3.174, -4.272,  -1.953 | 0.019, -0.008, 1.043
16: 3.174, -4.272,  -1.892 | 0.018, -0.008, 1.043
17: 3.174, -4.272,  -1.953 | 0.017, -0.007, 1.044
18: 3.113, -4.272,  -1.892 | 0.017, -0.007, 1.043
19: 3.174, -4.333,  -1.953 | 0.016, -0.008, 1.045
20: 3.174, -4.333,  -1.953 | 0.017, -0.008, 1.044
21: 3.174, -4.333,  -1.892 | 0.020, -0.007, 1.045
22: 3.235, -4.333,  -1.892 | 0.019, -0.008, 1.045
23: 3.235, -4.333,  -1.953 | 0.019, -0.008, 1.044
24: 3.174, -4.333,  -1.831 | 0.018, -0.007, 1.044
25: 3.174, -4.333,  -1.831 | 0.017, -0.007, 1.043
26: 3.174, -4.211,  -1.892 | 0.017, -0.007, 1.045
27: 3.235, -4.272,  -1.953 | 0.017, -0.007, 1.044
28: 3.174, -4.333,  -1.892 | 0.015, -0.007, 1.045
29: 3.296, -4.333,  -1.953 | 0.018, -0.008, 1.045
30: 3.174, -4.272,  -1.953 | 0.020, -0.008, 1.045
31: 3.113, -4.272,  -1.892 | 0.019, -0.008, 1.044
32: 3.235, -4.272,  -1.953 | 0.018, -0.007, 1.043
33: 3.235, -4.333,  -1.892 | 0.017, -0.006, 1.044
34: 3.235, -4.272,  -1.892 | 0.016, -0.005, 1.044
35: 3.235, -4.272,  -1.892 | 0.017, -0.006, 1.045
36: 3.235, -4.333,  -1.892 | 0.018, -0.007, 1.045
37: 3.174, -4.272,  -1.953 | 0.018, -0.007, 1.043
38: 3.174, -4.211,  -1.953 | 0.019, -0.009, 1.043
39: 3.296, -4.272,  -1.953 | 0.018, -0.008, 1.043
40: 3.235, -4.211,  -1.892 | 0.017, -0.008, 1.043
41: 3.235, -4.211,  -1.953 | 0.017, -0.008, 1.043
42: 3.235, -4.395,  -1.892 | 0.017, -0.006, 1.046
43: 3.174, -4.272,  -1.831 | 0.016, -0.008, 1.045
44: 3.174, -4.272,  -1.831 | 0.018, -0.008, 1.045
45: 3.235, -4.272,  -1.892 | 0.018, -0.008, 1.046
46: 3.052, -4.333,  -1.953 | 0.021, -0.007, 1.045
47: 3.174, -4.333,  -1.892 | 0.019, -0.007, 1.044
48: 3.235, -4.211,  -1.892 | 0.019, -0.007, 1.044
49: 3.113, -4.272,  -1.953 | 0.017, -0.007, 1.045
50: 3.174, -4.272,  -1.953 | 0.016, -0.006, 1.043
51: 3.235, -4.333,  -1.953 | 0.016, -0.006, 1.044
52: 3.235, -4.395,  -1.892 | 0.017, -0.008, 1.043
53: 3.235, -4.272,  -1.953 | 0.018, -0.007, 1.044
54: 3.296, -4.272,  -1.953 | 0.019, -0.008, 1.044
55: 3.174, -4.272,  -1.892 | 0.019, -0.006, 1.044
56: 3.174, -4.211,  -1.892 | 0.018, -0.007, 1.044
57: 3.113, -4.395,  -1.953 | 0.018, -0.008, 1.044
58: 3.174, -4.395,  -1.953 | 0.016, -0.006, 1.044
59: 3.235, -4.333,  -1.953 | 0.018, -0.006, 1.045
60: 3.174, -4.333,  -1.892 | 0.020, -0.007, 1.044
61: 3.174, -4.272,  -1.953 | 0.019, -0.006, 1.045
62: 3.174, -4.333,  -1.953 | 0.018, -0.008, 1.045
63: 3.174, -4.272,  -1.892 | 0.017, -0.008, 1.042
64: 3.235, -4.333,  -1.892 | 0.016, -0.007, 1.042
65: 3.174, -4.272,  -1.892 | 0.017, -0.007, 1.043
66: 3.113, -4.333,  -1.953 | 0.016, -0.006, 1.043
67: 3.235, -4.272,  -1.892 | 0.017, -0.006, 1.045
68: 3.235, -4.272,  -1.831 | 0.019, -0.007, 1.045
69: 3.174, -4.333,  -1.892 | 0.019, -0.007, 1.045
70: 3.174, -4.333,  -1.953 | 0.020, -0.007, 1.044
71: 3.235, -4.333,  -1.892 | 0.020, -0.007, 1.044
72: 3.174, -4.333,  -1.892 | 0.016, -0.006, 1.044
73: 3.174, -4.272,  -1.953 | 0.016, -0.005, 1.043
74: 3.235, -4.333,  -1.953 | 0.017, -0.007, 1.045
75: 3.113, -4.395,  -1.953 | 0.019, -0.006, 1.044
76: 3.113, -4.333,  -1.953 | 0.018, -0.007, 1.043
77: 3.235, -4.272,  -1.953 | 0.020, -0.007, 1.044
78: 3.174, -4.272,  -1.953 | 0.019, -0.008, 1.044
79: 3.235, -4.211,  -1.953 | 0.018, -0.007, 1.043
80: 3.235, -4.333,  -1.892 | 0.017, -0.007, 1.044
81: 3.235, -4.333,  -1.892 | 0.016, -0.007, 1.044
82: 3.296, -4.272,  -1.953 | 0.017, -0.006, 1.043
83: 3.174, -4.333,  -1.892 | 0.018, -0.008, 1.044
84: 3.235, -4.395,  -1.953 | 0.019, -0.008, 1.047
85: 3.174, -4.333,  -1.892 | 0.019, -0.009, 1.043
86: 3.174, -4.272,  -1.831 | 0.018, -0.007, 1.045
87: 3.174, -4.211,  -1.892 | 0.017, -0.008, 1.044
88: 3.235, -4.272,  -1.892 | 0.017, -0.008, 1.045
89: 3.235, -4.333,  -1.892 | 0.016, -0.006, 1.044
90: 3.113, -4.211,  -1.831 | 0.016, -0.006, 1.044
91: 3.113, -4.272,  -1.953 | 0.018, -0.007, 1.043
92: 3.174, -4.272,  -1.892 | 0.020, -0.007, 1.044
93: 3.113, -4.272,  -1.892 | 0.019, -0.008, 1.043
94: 3.235, -4.272,  -1.892 | 0.019, -0.007, 1.044
95: 3.052, -4.211,  -1.892 | 0.017, -0.007, 1.043
96: 3.113, -4.333,  -1.892 | 0.016, -0.007, 1.044
97: 3.235, -4.333,  -1.831 | 0.016, -0.006, 1.044
98: 3.174, -4.272,  -1.892 | 0.016, -0.006, 1.044
99: 3.174, -4.272,  -1.892 | 0.018, -0.007, 1.045
100: 3.174, -4.333,  -1.892 | 0.018, -0.009, 1.046
101: 3.296, -4.333,  -1.892 | 0.018, -0.009, 1.043
102: 3.174, -4.333,  -1.953 | 0.020, -0.008, 1.044
103: 3.052, -4.333,  -1.892 | 0.017, -0.008, 1.043
