stroke_data:
-0.2680, -0.1772, -0.1244
-0.2702, -0.1692, -0.1185
-0.2712, -0.1583, -0.1108
-0.2704, -0.1486, -0.1014
-0.2673, -0.1360, -0.0908
-0.2612, -0.1216, -0.0796
-0.2523, -0.1083, -0.0702
-0.2392, -0.0980, -0.0637
-0.2220, -0.0889, -0.0602
-0.2024, -0.0810, -0.0590
-0.1829, -0.0759, -0.0590
-0.1628, -0.0703, -0.0607
-0.1397, -0.0618, -0.0624
-0.1137, -0.0515, -0.0641
-0.0865, -0.0453, -0.0671
-0.0558, -0.0374, -0.0700
-0.0216, -0.0235, -0.0717
0.0167, -0.0033, -0.0717
0.0580, 0.0252, -0.0699
0.1039, 0.0602, -0.0640
0.1551, 0.1075, -0.0557
0.2134, 0.1606, -0.0451
0.2817, 0.2067, -0.0322
0.3622, 0.2546, -0.0181
0.4575, 0.3048, -0.0034
0.5727, 0.3491, 0.0102
0.7114, 0.3817, 0.0207
0.8747, 0.4061, 0.0284
1.0644, 0.4205, 0.0320
1.2800, 0.4126, 0.0326
1.5202, 0.3824, 0.0308
1.7833, 0.3246, 0.0279
2.0722, 0.2393, 0.0250
2.3923, 0.1404, 0.0251
2.7481, 0.0263, 0.0304
3.1391, -0.0937, 0.0457
3.5659, -0.2154, 0.0774
4.0327, -0.3466, 0.1296
4.5435, -0.4683, 0.2048
5.1070, -0.5871, 0.3052
5.7316, -0.7171, 0.4320
6.4273, -0.8594, 0.5858
7.2015, -1.0064, 0.7695
8.0562, -1.1616, 0.9843
8.9725, -1.3420, 1.2302
9.9269, -1.5553, 1.5032
10.9031, -1.8203, 1.8019
11.8845, -2.1286, 2.1259
12.8560, -2.4352, 2.4775
13.8163, -2.7031, 2.8631
14.7701, -2.9229, 3.2898
15.7252, -3.0834, 3.7658
16.6767, -3.2092, 4.2993
17.6182, -3.3122, 4.8955
18.5433, -3.3846, 5.5558
19.4402, -3.4119, 6.2748
20.3007, -3.4051, 7.0448
21.1202, -3.3813, 7.8576
21.9003, -3.3587, 8.7034
22.6417, -3.3789, 9.5731
23.3426, -3.4531, 10.4605
24.0007, -3.5719, 11.3614
24.6042, -3.7207, 12.2740
25.1431, -3.8829, 13.1972
25.6110, -4.0240, 14.1286
25.9997, -4.1041, 15.0618
26.3068, -4.1302, 15.9908
26.5347, -4.1205, 16.9117
26.6892, -4.0943, 17.8155
26.7792, -4.0887, 18.6970
26.8117, -4.1277, 19.5527
26.7913, -4.2260, 20.3802
26.7240, -4.3906, 21.1796
26.6138, -4.5886, 21.9537
26.4661, -4.7667, 22.7043
26.2826, -4.9031, 23.4327
26.0627, -5.0044, 24.1393
25.8082, -5.0956, 24.8236
25.5196, -5.1827, 25.4863
25.1952, -5.2487, 26.1272
24.8321, -5.2836, 26.7463
24.4279, -5.2844, 27.3403
23.9809, -5.2536, 27.9072
23.4899, -5.1993, 28.4490
22.9554, -5.1145, 28.9631
22.3763, -4.9862, 29.4508
21.7521, -4.8098, 29.9098
21.0850, -4.5806, 30.3371
20.3744, -4.2974, 30.7297
19.6228, -3.9673, 31.0836
18.8366, -3.5990, 31.3959
18.0222, -3.1966, 31.6635
17.1849, -2.7626, 31.8825
16.3282, -2.2945, 32.0521
15.4540, -1.7842, 32.1677
14.5662, -1.2633, 32.2253
13.6673, -0.7700, 32.2224
12.7590, -0.3213, 32.1555
11.8418, 0.0916, 32.0211
10.9218, 0.4886, 31.8175
10.0029, 0.8716, 31.5470
9.0876, 1.2405, 31.2143
8.1763, 1.5935, 30.8246
7.2727, 1.9283, 30.3839
6.3762, 2.2597, 29.8974
5.4866, 2.5957, 29.3669
4.6088, 2.9458, 28.7947
3.7481, 3.3047, 28.1809
2.9096, 3.6425, 27.5289
2.0940, 3.9573, 26.8446
1.3078, 4.2640, 26.1316
0.5526, 4.5742, 25.3945
-0.1690, 4.8838, 24.6380
-0.8508, 5.2052, 23.8681
-1.4915, 5.5371, 23.0887
-2.0917, 5.8919, 22.3018
-2.6508, 6.2672, 21.5072
-3.1689, 6.6384, 20.7061
-3.6493, 6.9891, 19.8968
-4.0946, 7.3222, 19.0805
-4.5035, 7.6500, 18.2578
-4.8771, 7.9766, 17.4291
-5.2156, 8.3085, 16.5946
-5.5089, 8.6469, 15.7583
-5.7687, 8.9794, 14.9221
-6.0015, 9.2855, 14.0858
-6.1962, 9.5675, 13.2478
-6.3456, 9.8419, 12.4109
-6.4464, 10.0905, 11.5746
-6.4990, 10.2938, 10.7407
-6.5053, 10.4509, 9.9127
-6.4658, 10.5815, 9.0887
-6.3800, 10.6962, 8.2683
-6.2460, 10.7787, 7.4537
-6.0633, 10.8101, 6.6462
-5.8319, 10.7958, 5.8475
-5.5494, 10.7380, 5.0576
-5.2159, 10.6656, 4.2759
-4.8366, 10.5773, 3.5042
-4.4168, 10.4649, 2.7442
-3.9583, 10.3250, 2.0001
-3.4634, 10.1639, 1.2806
-2.9309, 9.9981, 0.5893
-2.3626, 9.8559, -0.0697
-1.7591, 9.7570, -0.6924
-1.1228, 9.6793, -1.2786
-0.4618, 9.6027, -1.8308
0.2198, 9.5097, -2.3490
0.9189, 9.3798, -2.8367
1.6368, 9.2175, -3.2962
2.3735, 9.0324, -3.7305
3.1273, 8.8120, -4.1406
3.9004, 8.5506, -4.5250
4.6911, 8.2745, -4.8771
5.4976, 7.9931, -5.1852
6.3206, 7.7024, -5.4334
7.1623, 7.4368, -5.6089
8.0235, 7.2464, -5.7063
8.9051, 7.1358, -5.7285
9.8079, 7.0522, -5.6857
10.7307, 6.9745, -5.5923
11.6745, 6.8686, -5.4597
12.6436, 6.7316, -5.3000
13.6345, 6.5306, -5.1174
14.6394, 6.2803, -4.9138
15.6490, 6.0089, -4.6925
16.6568, 5.7141, -4.4524
17.6564, 5.3940, -4.1936
18.6455, 5.0486, -3.9201
19.6269, 4.6886, -3.6313
20.6054, 4.3303, -3.3284
21.5922, 3.9697, -3.0097
22.5988, 3.5956, -2.6723
23.6360, 3.2080, -2.3166
24.7090, 2.8034, -1.9439
25.8195, 2.3553, -1.5559
26.9706, 1.8122, -1.1592
28.1568, 1.1922, -0.7601
29.3683, 0.5569, -0.3621
30.5933, -0.0466, 0.0387
31.8148, -0.6044, 0.4472
33.0186, -1.1481, 0.8651
34.1926, -1.7030, 1.2912
35.3260, -2.2385, 1.7244
36.4119, -2.7300, 2.1599
37.4602, -3.2162, 2.5907
38.4874, -3.7153, 3.0132
39.5105, -4.2261, 3.4264
40.5284, -4.7217, 3.8314
41.5315, -5.1792, 4.2246
42.5053, -5.5896, 4.6003
43.4269, -5.9649, 4.9507
44.2833, -6.3408, 5.2723
45.0717, -6.7360, 5.5652
45.7955, -7.1471, 5.8305
46.4647, -7.5500, 6.0711
47.0993, -7.9100, 6.2930
47.7133, -8.2125, 6.4984
48.3115, -8.4669, 6.6921
48.8909, -8.6796, 6.8817
49.4445, -8.8559, 7.0666
49.9242, -8.9372, 7.1969
50.3188, -8.9368, 7.2345
50.6593, -9.0028, 7.1888
50.9512, -9.2302, 7.0591
51.2172, -9.6472, 6.8913
51.4633, -10.1304, 6.7100
51.6906, -10.5826, 6.5281
51.8991, -10.9526, 6.3550
52.0871, -11.2463, 6.1954
52.2533, -11.4608, 6.0551
52.3979, -11.5995, 5.9378
52.5195, -11.6696, 5.8474
52.6154, -11.6646, 5.7876
52.6913, -11.6437, 5.7589
52.7472, -11.6258, 5.7560
52.7885, -11.6138, 5.7707
52.8233, -11.5988, 5.7936
52.8622, -11.5879, 5.8171
52.9075, -11.6005, 5.8359
52.9523, -11.6342, 5.8471
52.9848, -11.6556, 5.8518
52.9949, -11.6494, 5.8501
52.9781, -11.6226, 5.8425
52.9366, -11.5965, 5.8267
52.8781, -11.5856, 5.8056
52.8131, -11.5929, 5.7821
52.7493, -11.6225, 5.7593
52.6931, -11.6715, 5.7399
52.6493, -11.7269, 5.7253
52.6184, -11.7771, 5.7159
52.5986, -11.8155, 5.7130
52.5888, -11.8316, 5.7148
52.5896, -11.8260, 5.7184
52.5991, -11.8028, 5.7213
52.6152, -11.7661, 5.7225
52.6382, -11.7241, 5.7237
52.6683, -11.6809, 5.7284
52.7037, -11.6360, 5.7385
52.7444, -11.5805, 5.7520
52.7921, -11.5080, 5.7655
52.8463, -11.4238, 5.7784
gravity:
-0.1202, -0.8959, 0.5037
-0.1218, -0.8923, 0.5129
-0.1267, -0.8898, 0.5182
-0.1353, -0.8854, 0.5226
-0.1338, -0.8826, 0.5195
-0.1265, -0.8837, 0.5109
-0.1141, -0.8809, 0.5028
-0.1041, -0.8806, 0.4884
-0.0964, -0.8815, 0.4756
-0.1003, -0.8857, 0.4661
-0.1093, -0.8871, 0.4636
-0.1208, -0.8837, 0.4664
-0.1315, -0.8848, 0.4720
-0.1398, -0.8831, 0.4749
-0.1398, -0.8827, 0.4760
-0.1370, -0.8833, 0.4839
-0.1300, -0.8809, 0.4897
-0.1233, -0.8815, 0.4930
-0.1182, -0.8871, 0.4862
-0.1150, -0.8879, 0.4822
-0.1193, -0.8887, 0.4727
-0.1290, -0.8934, 0.4722
-0.1302, -0.8883, 0.4692
-0.1407, -0.8915, 0.4585
-0.1519, -0.8892, 0.4578
-0.1559, -0.8898, 0.4568
-0.1570, -0.8871, 0.4659
-0.1587, -0.8809, 0.4807
-0.1573, -0.8837, 0.4862
-0.1478, -0.8801, 0.4832
-0.1411, -0.8838, 0.4763
-0.1458, -0.8832, 0.4785
-0.1462, -0.8781, 0.4830
-0.1412, -0.8768, 0.4773
-0.1396, -0.8772, 0.4789
-0.1324, -0.8694, 0.4823
-0.1261, -0.8683, 0.4767
-0.1251, -0.8658, 0.4695
-0.1171, -0.8605, 0.4563
-0.1276, -0.8585, 0.4359
-0.1421, -0.8561, 0.4166
-0.1387, -0.8544, 0.3932
-0.1451, -0.8480, 0.3674
-0.1561, -0.8494, 0.3284
-0.1626, -0.8510, 0.3010
-0.1592, -0.8407, 0.2891
-0.1538, -0.8330, 0.2808
-0.1559, -0.8234, 0.3030
-0.1422, -0.7996, 0.3243
-0.1250, -0.7844, 0.3254
-0.0985, -0.7593, 0.3094
-0.0549, -0.7552, 0.2545
-0.0193, -0.7538, 0.2202
0.0435, -0.7272, 0.2163
0.0918, -0.7117, 0.1943
0.1284, -0.7064, 0.1550
0.1691, -0.7126, 0.1000
0.1907, -0.7203, 0.0302
0.2070, -0.7236, -0.0393
0.2283, -0.7252, -0.1033
0.2822, -0.7090, -0.1193
0.2887, -0.6893, -0.0930
0.2852, -0.6376, 0.0807
0.2937, -0.5469, 0.2700
0.2732, -0.5127, 0.4341
0.3002, -0.4689, 0.5941
0.3566, -0.4287, 0.7134
0.4274, -0.4316, 0.7460
0.4901, -0.4606, 0.7224
0.5599, -0.4698, 0.7125
0.5732, -0.4504, 0.7777
0.6125, -0.4401, 0.8409
0.6031, -0.4498, 0.9374
0.5366, -0.4221, 1.0536
0.4581, -0.4248, 1.1393
0.3633, -0.4348, 1.2019
0.2688, -0.4529, 1.2231
0.1627, -0.4647, 1.2788
0.1002, -0.4569, 1.3302
0.0630, -0.4690, 1.4098
0.0355, -0.4319, 1.5372
0.0063, -0.4143, 1.6442
-0.0255, -0.4124, 1.7239
-0.1024, -0.3971, 1.7900
-0.2021, -0.4095, 1.8148
-0.2870, -0.4110, 1.8137
-0.3982, -0.4224, 1.7655
-0.4846, -0.4454, 1.7048
-0.5466, -0.4540, 1.6687
-0.6058, -0.4539, 1.6324
-0.6329, -0.4601, 1.5913
-0.6270, -0.4579, 1.5514
-0.6160, -0.4442, 1.5024
-0.6235, -0.4319, 1.4758
-0.6547, -0.4305, 1.4604
-0.6992, -0.4286, 1.4480
-0.7166, -0.4222, 1.4474
-0.7314, -0.4237, 1.4579
-0.7527, -0.4120, 1.4735
-0.7915, -0.3928, 1.4775
-0.8185, -0.3854, 1.4819
-0.8403, -0.3708, 1.4814
-0.8527, -0.3606, 1.4716
-0.8680, -0.3607, 1.4702
-0.8977, -0.3561, 1.4492
-0.9329, -0.3563, 1.4370
-0.9578, -0.3335, 1.4202
-0.9958, -0.3298, 1.3757
-1.0244, -0.3163, 1.3093
-1.0569, -0.3146, 1.2266
-1.0911, -0.3329, 1.1627
-1.1062, -0.3152, 1.1251
-1.1266, -0.3123, 1.0708
-1.1732, -0.3120, 1.0217
-1.2101, -0.3022, 0.9858
-1.2374, -0.2914, 0.9529
-1.2512, -0.2625, 0.9091
-1.2332, -0.2482, 0.8367
-1.2075, -0.2604, 0.7725
-1.1583, -0.2500, 0.7344
-1.1161, -0.2394, 0.6943
-1.0667, -0.2239, 0.6619
-1.0168, -0.2037, 0.6337
-0.9734, -0.2025, 0.5856
-0.9386, -0.2040, 0.5189
-0.9148, -0.2108, 0.4445
-0.8929, -0.2185, 0.3939
-0.8259, -0.2144, 0.3447
-0.7775, -0.2206, 0.2822
-0.7213, -0.2189, 0.2260
-0.6682, -0.2328, 0.1709
-0.6061, -0.2565, 0.1178
-0.5637, -0.2672, 0.0885
-0.5229, -0.2626, 0.0754
-0.4941, -0.2737, 0.0574
-0.4803, -0.2799, 0.0559
-0.4692, -0.2634, 0.0681
-0.4380, -0.2654, 0.0518
-0.3971, -0.2767, 0.0325
-0.3654, -0.2747, 0.0255
-0.3263, -0.2800, 0.0151
-0.2854, -0.2935, 0.0046
-0.2517, -0.3043, -0.0212
-0.2267, -0.3436, -0.0665
-0.1854, -0.3513, -0.1066
-0.1411, -0.3654, -0.1453
-0.1277, -0.3945, -0.1722
-0.1049, -0.4043, -0.1757
-0.0654, -0.4158, -0.1807
-0.0183, -0.4373, -0.1846
0.0177, -0.4493, -0.1979
0.0471, -0.4789, -0.2178
0.0779, -0.5016, -0.2242
0.1199, -0.5135, -0.2384
0.1393, -0.5277, -0.2454
0.2047, -0.5289, -0.2372
0.2377, -0.5225, -0.1891
0.2780, -0.5205, -0.1429
0.3380, -0.5164, -0.1118
0.4098, -0.5242, -0.0942
0.4669, -0.5295, -0.0807
0.5472, -0.5461, -0.0702
0.5975, -0.5599, -0.0571
0.6016, -0.5762, -0.0020
0.6210, -0.5668, 0.0697
0.6307, -0.5702, 0.1353
0.6267, -0.5587, 0.1909
0.6425, -0.5521, 0.2247
0.6560, -0.5535, 0.2480
0.6641, -0.5471, 0.2733
0.6951, -0.5311, 0.2980
0.7837, -0.5126, 0.3174
0.8810, -0.5051, 0.3412
0.9679, -0.5431, 0.3569
1.0712, -0.5560, 0.3613
1.1180, -0.5854, 0.3669
1.0715, -0.6110, 0.3752
0.9482, -0.6062, 0.4047
0.8562, -0.6060, 0.4440
0.7382, -0.5784, 0.4674
0.6702, -0.5768, 0.4905
0.6058, -0.5575, 0.5909
0.5907, -0.5237, 0.6945
0.5662, -0.5062, 0.8051
0.5385, -0.4905, 0.8943
0.5114, -0.4700, 0.9532
0.4810, -0.4567, 0.9869
0.4725, -0.4366, 0.9784
0.4690, -0.4402, 0.9238
0.4626, -0.4767, 0.8412
0.4497, -0.4899, 0.7654
0.4420, -0.5085, 0.6943
0.4216, -0.5028, 0.6787
0.3898, -0.4772, 0.6927
0.3199, -0.4543, 0.7158
0.3015, -0.4340, 0.7943
0.3044, -0.3892, 0.9163
0.3403, -0.3734, 1.0471
0.3517, -0.3440, 1.2100
0.3129, -0.3083, 1.3488
0.2944, -0.3071, 1.4603
0.2887, -0.2646, 1.5685
0.2656, -0.2440, 1.5975
0.1729, -0.2598, 1.5392
0.1375, -0.2601, 1.3981
0.1383, -0.2971, 1.2955
0.1538, -0.2499, 1.3354
0.1091, -0.2261, 1.4009
0.0602, -0.1923, 1.5316
-0.0114, -0.1299, 1.7083
-0.0634, -0.0953, 1.8099
-0.0696, -0.1030, 1.8158
-0.0585, -0.0962, 1.7795
-0.0271, -0.1060, 1.6572
0.0313, -0.1331, 1.4688
0.0542, -0.1442, 1.3562
0.0991, -0.1224, 1.3203
0.1394, -0.1152, 1.3296
0.1566, -0.0891, 1.3666
-0.6897, -0.1206, 2.2373
-1.0208, -0.0460, 1.9032
-0.9943, -0.2435, 1.8257
-0.8767, -0.0920, 1.6832
-0.3068, -0.1842, 1.4126
0.0427, -0.1346, 1.3345
0.2782, -0.1350, 1.2828
0.4175, -0.1398, 1.2759
0.4941, -0.1346, 1.2992
0.5726, -0.1387, 1.3018
0.6285, -0.1290, 1.3009
0.6760, -0.1259, 1.3136
0.7332, -0.0938, 1.2938
0.6615, -0.1062, 1.2026
0.6395, -0.0811, 1.2268
0.5232, -0.0947, 1.1357
0.4166, -0.0970, 1.0356
0.3162, -0.1046, 0.9517
0.2455, -0.1179, 0.9467
0.2357, -0.1097, 1.0563
0.2635, -0.0966, 1.1819
0.2670, -0.0857, 1.2504
0.0000, 0.0000, 0.0000
