stroke_data:
0.0335, 0.0335, -0.1220
0.0301, 0.0397, -0.1380
0.0262, 0.0465, -0.1528
0.0229, 0.0504, -0.1682
0.0167, 0.0490, -0.1830
0.0081, 0.0464, -0.1973
-0.0017, 0.0450, -0.2109
-0.0121, 0.0453, -0.2234
-0.0230, 0.0474, -0.2370
-0.0340, 0.0419, -0.2513
-0.0389, 0.0282, -0.2465
-0.0401, 0.0113, -0.2442
-0.0390, -0.0026, -0.2436
-0.0362, -0.0131, -0.2446
-0.0314, -0.0237, -0.2465
-0.0234, -0.0305, -0.2498
-0.0136, -0.0363, -0.2534
-0.0015, -0.0375, -0.2575
0.0142, -0.0340, -0.2622
0.0346, -0.0269, -0.2663
0.0596, -0.0175, -0.2698
0.0906, -0.0152, -0.2727
0.1262, -0.0234, -0.2745
0.1665, -0.0528, -0.2745
0.2144, -0.0944, -0.2715
0.2724, -0.1525, -0.2639
0.3432, -0.2429, -0.2498
0.4322, -0.3527, -0.2322
0.5447, -0.4835, -0.2117
0.6848, -0.6132, -0.1888
0.8572, -0.7394, -0.1653
1.0671, -0.8844, -0.1418
1.3205, -1.0487, -0.1201
1.6255, -1.2230, -0.1008
1.9880, -1.3838, -0.0837
2.4092, -1.5258, -0.0661
2.8891, -1.6667, -0.0456
3.4294, -1.7934, -0.0221
4.0279, -1.8914, 0.0060
4.6797, -1.9701, 0.0424
5.3844, -2.0382, 0.0876
6.1407, -2.0775, 0.1410
6.9492, -2.1015, 0.2026
7.8094, -2.1180, 0.2678
8.7200, -2.0969, 0.3329
9.6788, -2.0634, 0.3957
10.6881, -2.0693, 0.4509
11.7490, -2.1015, 0.4914
12.8639, -2.1356, 0.5143
14.0310, -2.1913, 0.5207
15.2515, -2.2870, 0.5084
16.5237, -2.3838, 0.4802
17.8434, -2.4502, 0.4421
19.1989, -2.4901, 0.3993
20.5826, -2.5288, 0.3582
21.9909, -2.5998, 0.3194
23.4215, -2.7295, 0.2789
24.8786, -2.9496, 0.2296
26.3644, -3.2694, 0.1627
27.8742, -3.6914, 0.0735
29.4070, -4.2683, -0.0421
30.9620, -4.9444, -0.1888
32.5353, -5.6656, -0.3707
34.1191, -6.3564, -0.5908
35.7105, -6.9644, -0.8520
37.3137, -7.4040, -1.1554
38.9350, -7.5976, -1.4999
40.5846, -7.5437, -1.8819
42.2646, -7.2831, -2.2945
43.9746, -6.8875, -2.7194
45.7051, -6.4397, -3.1337
47.4374, -6.0624, -3.5140
49.1538, -5.7918, -3.8527
50.8374, -5.5477, -4.1485
52.4764, -5.2983, -4.3979
54.0625, -5.0518, -4.5998
55.5918, -4.8159, -4.7570
57.0617, -4.5893, -4.8715
58.4695, -4.3880, -4.9437
59.8085, -4.2478, -4.9689
61.0684, -4.2043, -4.9431
62.2420, -4.3129, -4.8639
63.3152, -4.6110, -4.7418
64.2757, -5.0623, -4.5933
65.1160, -5.5101, -4.4337
65.8306, -5.9010, -4.2647
66.4331, -6.2560, -4.0915
66.9453, -6.5929, -3.9278
67.3888, -6.9403, -3.7887
67.7842, -7.3148, -3.6825
68.1473, -7.7080, -3.6068
68.4963, -8.0965, -3.5569
68.8488, -8.4557, -3.5299
69.2196, -8.7556, -3.5211
69.6185, -8.9569, -3.5275
70.0467, -9.0742, -3.5381
70.5020, -9.1323, -3.5451
70.9730, -9.1200, -3.5387
71.4494, -9.0402, -3.5111
71.9222, -8.9011, -3.4583
72.3834, -8.7268, -3.3791
72.8263, -8.5290, -3.2740
73.2463, -8.3154, -3.1449
73.6411, -8.0871, -2.9923
74.0106, -7.8430, -2.8186
74.3573, -7.5959, -2.6267
74.6811, -7.3424, -2.4219
74.9826, -7.0771, -2.2065
75.2617, -6.8165, -1.9864
75.5180, -6.5724, -1.7681
75.7532, -6.3576, -1.5574
75.9666, -6.1786, -1.3584
76.1572, -6.0231, -1.1736
76.3249, -5.8810, -1.0046
76.4679, -5.7613, -0.8508
76.5839, -5.6786, -0.7117
76.6718, -5.6492, -0.5873
76.7297, -5.6563, -0.4775
76.7565, -5.6774, -0.3842
76.7505, -5.7026, -0.3079
76.7110, -5.7326, -0.2510
76.6398, -5.7701, -0.2123
76.5422, -5.8153, -0.1911
76.4217, -5.8664, -0.1888
76.2842, -5.9227, -0.2017
76.1338, -5.9884, -0.2281
75.9775, -6.0747, -0.2669
75.8189, -6.1809, -0.3156
75.6596, -6.2954, -0.3719
75.5016, -6.4075, -0.4335
75.3453, -6.5143, -0.4975
75.1925, -6.6164, -0.5626
75.0456, -6.7285, -0.6272
74.9064, -6.8417, -0.6918
gravity:
-0.0582, -0.9955, 0.1384
-0.0574, -0.9949, 0.1420
-0.0535, -0.9927, 0.1443
-0.0490, -0.9923, 0.1429
-0.0524, -0.9958, 0.1366
-0.0586, -0.9991, 0.1302
-0.0675, -1.0018, 0.1244
-0.0652, -0.9994, 0.1267
-0.0615, -0.9990, 0.1322
-0.0485, -0.9976, 0.1384
-0.0337, -0.9979, 0.1401
-0.0338, -0.9996, 0.1405
-0.0314, -0.9974, 0.1383
-0.0320, -1.0016, 0.1340
-0.0206, -1.0034, 0.1337
-0.0200, -1.0045, 0.1331
-0.0206, -1.0062, 0.1326
-0.0240, -1.0077, 0.1335
-0.0239, -1.0048, 0.1345
-0.0244, -1.0038, 0.1354
-0.0269, -1.0044, 0.1359
-0.0308, -1.0044, 0.1393
-0.0292, -1.0004, 0.1451
-0.0231, -1.0005, 0.1455
-0.0204, -0.9980, 0.1443
-0.0195, -0.9987, 0.1395
-0.0255, -0.9949, 0.1294
-0.0372, -0.9974, 0.1246
-0.0372, -0.9971, 0.1162
-0.0397, -1.0027, 0.1107
-0.0358, -1.0022, 0.1082
-0.0365, -1.0009, 0.1072
-0.0377, -1.0017, 0.1078
-0.0331, -0.9956, 0.1053
-0.0343, -0.9979, 0.1074
-0.0348, -0.9946, 0.1044
-0.0315, -0.9941, 0.0997
-0.0336, -0.9899, 0.0897
-0.0289, -0.9933, 0.0814
-0.0369, -0.9897, 0.0802
-0.0337, -0.9824, 0.0765
-0.0453, -0.9805, 0.0651
-0.0267, -0.9788, 0.0447
-0.0238, -0.9746, 0.0162
-0.0382, -0.9825, -0.0134
-0.0260, -0.9651, -0.0575
-0.0410, -0.9733, -0.1017
-0.0211, -0.9698, -0.1482
-0.0275, -0.9598, -0.1981
-0.0546, -0.9541, -0.2489
-0.0653, -0.9496, -0.3064
-0.0679, -0.9462, -0.3599
-0.0520, -0.9426, -0.3903
-0.0459, -0.9269, -0.4025
-0.0371, -0.9067, -0.4054
-0.0090, -0.8938, -0.3936
0.0228, -0.8746, -0.3612
0.0338, -0.8491, -0.3312
0.0294, -0.8433, -0.3090
0.0486, -0.8168, -0.2925
0.0139, -0.8016, -0.2860
-0.0149, -0.8096, -0.2639
-0.0177, -0.7859, -0.2472
-0.0725, -0.7408, -0.2405
-0.1497, -0.7339, -0.2366
-0.1658, -0.7209, -0.2284
-0.1708, -0.7034, -0.2097
-0.1975, -0.7561, -0.1915
-0.2019, -0.6594, -0.1512
-0.1401, -0.5872, -0.1010
-0.0786, -0.5442, -0.0305
-0.0563, -0.5060, 0.0507
-0.0433, -0.4644, 0.1183
-0.0547, -0.4127, 0.1552
-0.0885, -0.3741, 0.1724
-0.1346, -0.3690, 0.1682
-0.1614, -0.3728, 0.1689
-0.1727, -0.3479, 0.2001
-0.2411, -0.3221, 0.2096
-0.1709, -0.2911, 0.2493
-0.1263, -0.2303, 0.2943
-0.0599, -0.1389, 0.3503
-0.0582, -0.0543, 0.3859
0.0059, 0.0098, 0.4116
0.0497, 0.0621, 0.4264
0.0281, 0.0638, 0.4539
0.0343, 0.0244, 0.5018
0.0298, 0.0189, 0.5359
0.1388, 0.0344, 0.6321
0.1764, 0.0707, 0.7773
0.2645, 0.2095, 0.9268
0.3861, 0.2552, 1.0775
0.4312, 0.2502, 1.2075
0.4395, 0.2257, 1.3021
0.4121, 0.2158, 1.3527
0.4083, 0.2051, 1.3971
0.4293, 0.1951, 1.4437
0.4423, 0.2075, 1.5063
0.4644, 0.2115, 1.5929
0.4407, 0.2091, 1.6888
0.3826, 0.1771, 1.8550
0.2987, 0.1466, 1.9661
0.3781, 0.2008, 2.0729
0.3523, 0.1445, 2.1377
0.2529, 0.0908, 2.0870
0.1251, 0.0404, 1.9756
-0.0031, -0.0304, 1.8494
-0.0621, -0.0734, 1.7440
-0.0463, -0.1001, 1.6378
-0.0072, -0.1259, 1.5237
0.0348, -0.1558, 1.4204
0.0852, -0.1644, 1.3219
0.1603, -0.1393, 1.2623
0.1998, -0.1276, 1.2540
0.2362, -0.1580, 1.2546
0.3083, -0.1306, 1.3173
0.3717, -0.0840, 1.3782
0.3927, -0.0458, 1.4236
0.3820, -0.0251, 1.4607
0.3738, -0.0103, 1.4783
0.3503, 0.0039, 1.4812
0.3291, 0.0189, 1.4672
0.3027, 0.0277, 1.4337
0.2559, 0.0317, 1.4009
0.2191, 0.0430, 1.3767
0.1781, 0.0508, 1.3555
0.1135, 0.0548, 1.3315
0.0568, 0.0577, 1.3137
0.0043, 0.0627, 1.2996
-0.0392, 0.0667, 1.2887
-0.0529, 0.0640, 1.2843
-0.0586, 0.0682, 1.2827
-0.0718, 0.0765, 1.2817
0.0000, 0.0000, 0.0000
