stroke_data:
-1.6585, 9.0017, -12.4717
-1.6720, 9.1489, -12.3753
-1.6925, 9.2763, -12.2789
-1.7212, 9.4006, -12.1854
-1.7582, 9.5385, -12.0972
-1.8021, 9.6617, -12.0172
-1.8532, 9.7591, -11.9466
-1.9048, 9.8501, -11.8842
-1.9546, 9.9592, -11.8318
-2.0010, 10.0766, -11.7882
-2.0438, 10.1822, -11.7511
-2.0831, 10.2766, -11.7192
-2.1206, 10.3605, -11.6891
-2.1552, 10.4450, -11.6607
-2.1863, 10.5406, -11.6342
-2.2150, 10.6445, -11.6076
-2.2420, 10.7413, -11.5827
-2.2695, 10.8146, -11.5585
-2.2959, 10.8527, -11.5325
-2.3188, 10.8879, -11.5047
-2.3358, 10.9383, -11.4694
-2.3445, 10.9999, -11.4246
-2.3457, 11.0651, -11.3687
-2.3415, 11.1325, -11.3016
-2.3362, 11.2088, -11.2251
-2.3350, 11.2897, -11.1422
-2.3344, 11.3472, -11.0499
-2.3291, 11.3765, -10.9452
-2.3197, 11.3988, -10.8236
-2.3032, 11.4005, -10.6802
-2.2750, 11.3747, -10.5057
-2.2351, 11.3441, -10.2960
-2.1846, 11.3523, -10.0488
-2.1282, 11.3946, -9.7651
-2.0736, 11.4157, -9.4486
-2.0190, 11.3646, -9.0975
-1.9626, 11.2777, -8.7088
-1.9057, 11.1896, -8.2814
-1.8470, 11.0798, -7.8099
-1.7789, 10.9572, -7.2869
-1.7002, 10.8433, -6.7086
-1.6063, 10.7118, -6.0693
-1.4888, 10.5603, -5.3596
-1.3427, 10.4294, -4.5789
-1.1625, 10.3050, -3.7324
-0.9418, 10.1359, -2.8232
-0.6771, 9.9217, -1.8611
-0.3625, 9.6582, -0.8509
0.0085, 9.3541, 0.2050
0.4398, 9.0742, 1.3032
0.9176, 8.8329, 2.4291
1.4282, 8.5999, 3.5707
1.9623, 8.4062, 4.7194
2.5063, 8.2448, 5.8652
3.0545, 8.0382, 7.0021
3.6097, 7.7089, 8.1291
4.1767, 7.2488, 9.2496
4.7601, 6.7088, 10.3678
5.3675, 6.1648, 11.4871
5.9967, 5.7140, 12.6106
6.6346, 5.4276, 13.7382
7.2620, 5.2932, 14.8628
7.8742, 5.2650, 15.9780
8.4699, 5.2995, 17.0763
9.0474, 5.3582, 18.1528
9.6067, 5.3940, 19.2017
10.1614, 5.3270, 20.2224
10.7236, 5.1650, 21.2162
11.2982, 4.9936, 22.1841
11.8786, 4.8481, 23.1221
12.4614, 4.7148, 24.0290
13.0530, 4.6021, 24.9025
13.6605, 4.5228, 25.7384
14.2920, 4.4729, 26.5373
14.9493, 4.4659, 27.2963
15.6342, 4.4541, 28.0142
16.3514, 4.4235, 28.6969
17.1080, 4.3654, 29.3521
17.9032, 4.2697, 29.9820
18.7354, 4.1359, 30.5890
19.5958, 3.9862, 31.1731
20.4785, 3.8500, 31.7343
21.3782, 3.7778, 32.2732
22.2820, 3.7889, 32.7869
23.1823, 3.8922, 33.2742
24.0820, 4.0465, 33.7333
24.9812, 4.1991, 34.1613
25.8838, 4.3041, 34.5553
26.7935, 4.3029, 34.9123
27.7085, 4.2013, 35.2288
28.6258, 4.0610, 35.5013
29.5466, 3.9683, 35.7286
30.4669, 3.9366, 35.9189
31.3977, 3.9729, 36.0734
32.3473, 4.0732, 36.1928
33.3209, 4.2064, 36.2774
34.3257, 4.3461, 36.3234
35.3586, 4.4470, 36.3259
36.4168, 4.4775, 36.2838
37.4926, 4.4411, 36.1942
38.5725, 4.3730, 36.0536
39.6336, 4.2667, 35.8583
40.6589, 4.1364, 35.6067
41.6419, 4.0830, 35.2935
42.5798, 4.1287, 34.9169
43.4771, 4.2202, 34.4769
44.3428, 4.2830, 33.9741
45.1744, 4.2865, 33.4115
45.9738, 4.2647, 32.7884
46.7374, 4.2500, 32.1072
47.4686, 4.2676, 31.3709
48.1805, 4.3151, 30.5835
48.8807, 4.3591, 29.7456
49.5791, 4.3673, 28.8566
50.2775, 4.3315, 27.9202
50.9754, 4.2634, 26.9438
51.6673, 4.1571, 25.9339
52.3452, 3.9816, 24.9018
52.9961, 3.7316, 23.8562
53.6070, 3.4352, 22.8035
54.1716, 3.1440, 21.7502
54.6916, 2.8999, 20.6940
55.1753, 2.7132, 19.6372
55.6295, 2.5612, 18.5816
56.0574, 2.3921, 17.5301
56.4530, 2.1838, 16.4944
56.8034, 1.9554, 15.4840
57.0927, 1.7371, 14.5064
57.3117, 1.5481, 13.5688
57.4584, 1.3855, 12.6705
57.5377, 1.2035, 11.8050
57.5518, 0.9905, 10.9577
57.5090, 0.7709, 10.1210
57.4157, 0.5696, 9.2972
57.2760, 0.4000, 8.4887
57.0906, 0.2380, 7.6942
56.8594, 0.0478, 6.9115
56.5819, -0.1694, 6.1364
56.2573, -0.4118, 5.3631
55.8865, -0.6648, 4.5886
55.4733, -0.9148, 3.8088
55.0244, -1.1596, 3.0302
54.5467, -1.4155, 2.2586
54.0479, -1.6966, 1.4982
53.5297, -2.0229, 0.7531
52.9892, -2.4009, 0.0278
52.4223, -2.8135, -0.6751
51.8238, -3.2361, -1.3562
51.1882, -3.6640, -2.0151
50.5133, -4.0936, -2.6470
49.8026, -4.5085, -3.2449
49.0609, -4.9041, -3.8022
48.2950, -5.2938, -4.3115
47.5151, -5.6836, -4.7702
46.7252, -6.0715, -5.1767
45.9270, -6.4606, -5.5275
45.1236, -6.8363, -5.8196
44.3132, -7.1749, -6.0536
43.4945, -7.4936, -6.2289
42.6688, -7.8065, -6.3455
41.8361, -8.1263, -6.4034
40.9951, -8.4462, -6.4062
40.1489, -8.7309, -6.3567
39.2979, -8.9803, -6.2562
38.4482, -9.2357, -6.1069
37.5990, -9.5115, -5.9166
36.7469, -9.7921, -5.6905
35.9018, -10.0574, -5.4298
35.0673, -10.3250, -5.1367
34.2504, -10.6232, -4.8138
33.4575, -10.9460, -4.4656
32.6940, -11.2764, -4.0921
31.9616, -11.6045, -3.6911
31.2580, -11.9479, -3.2619
30.5790, -12.3106, -2.8069
29.9223, -12.6528, -2.3290
29.2827, -12.9503, -1.8318
28.6583, -13.2145, -1.3175
28.0468, -13.4909, -0.7880
27.4476, -13.8161, -0.2443
26.8578, -14.1694, 0.3134
26.2721, -14.5133, 0.8810
25.6871, -14.8502, 1.4587
25.1026, -15.1766, 2.0405
24.5192, -15.4818, 2.6258
23.9353, -15.7201, 3.2128
23.3584, -15.8569, 3.7981
22.7957, -15.9467, 4.3787
22.2552, -16.0518, 4.9570
21.7470, -16.1739, 5.5305
21.2787, -16.3124, 6.0988
20.8550, -16.4691, 6.6647
20.4735, -16.6153, 7.2277
20.1332, -16.7380, 7.7842
19.8298, -16.8155, 8.3290
19.5604, -16.8143, 8.8545
19.3228, -16.7474, 9.3517
19.1139, -16.6712, 9.8155
18.9337, -16.6196, 10.2435
18.7788, -16.5908, 10.6381
18.6498, -16.5979, 11.0021
18.5465, -16.6378, 11.3351
18.4650, -16.6866, 11.6363
18.4028, -16.7341, 11.9024
18.3570, -16.7964, 12.1332
18.3306, -16.8680, 12.3276
18.3277, -16.9520, 12.4857
18.3512, -17.0705, 12.6120
18.4029, -17.2278, 12.7114
18.4804, -17.4262, 12.7902
18.5814, -17.6546, 12.8526
18.6994, -17.8852, 12.9009
18.8273, -18.1206, 12.9357
18.9594, -18.3489, 12.9558
19.0909, -18.5555, 12.9618
19.2142, -18.7381, 12.9532
19.3257, -18.9142, 12.9317
19.4249, -19.0997, 12.8972
19.5153, -19.2881, 12.8540
19.5928, -19.4513, 12.8043
19.6574, -19.5763, 12.7504
19.7132, -19.6585, 12.6984
19.7643, -19.6943, 12.6469
19.8013, -19.6932, 12.5966
19.8295, -19.6656, 12.5475
19.8542, -19.6322, 12.5001
19.8736, -19.6123, 12.4481
19.8924, -19.6117, 12.3855
19.9065, -19.6182, 12.3035
19.9106, -19.6341, 12.1986
19.9054, -19.6605, 12.0714
19.8925, -19.6993, 11.9237
19.8743, -19.7486, 11.7625
19.8527, -19.8056, 11.5931
19.8292, -19.8643, 11.4213
gravity:
0.2924, -0.8099, 0.7600
0.3356, -0.8536, 0.7352
0.3718, -0.8477, 0.7184
0.3562, -0.8499, 0.7069
0.3339, -0.8704, 0.6715
0.3275, -0.8944, 0.6188
0.3563, -0.9054, 0.5856
0.3660, -0.9149, 0.5664
0.3726, -0.9065, 0.5289
0.3427, -0.9067, 0.4955
0.3453, -0.8969, 0.4691
0.3479, -0.8956, 0.4492
0.3246, -0.8860, 0.4534
0.3051, -0.8875, 0.4630
0.3008, -0.8861, 0.4812
0.2646, -0.8772, 0.4915
0.2473, -0.8759, 0.4957
0.2588, -0.8622, 0.4966
0.2898, -0.8596, 0.5005
0.2894, -0.8602, 0.5160
0.2534, -0.8611, 0.5327
0.2560, -0.8625, 0.5371
0.2449, -0.8588, 0.5330
0.2002, -0.8618, 0.5250
0.1908, -0.8684, 0.5093
0.2019, -0.8748, 0.4775
0.2108, -0.8802, 0.4518
0.2043, -0.8887, 0.4406
0.2040, -0.8995, 0.4316
0.2236, -0.9052, 0.4333
0.2394, -0.9071, 0.4285
0.2511, -0.9078, 0.4232
0.2548, -0.9008, 0.4176
0.2559, -0.9010, 0.4202
0.2421, -0.8993, 0.4386
0.2426, -0.8961, 0.4418
0.2423, -0.9022, 0.4243
0.2826, -0.8943, 0.3970
0.3322, -0.8989, 0.3677
0.3605, -0.9061, 0.3513
0.3655, -0.8973, 0.3568
0.3671, -0.8867, 0.3718
0.3674, -0.8765, 0.3999
0.3540, -0.8538, 0.4285
0.3685, -0.8497, 0.4163
0.4159, -0.8704, 0.3986
0.4821, -0.8757, 0.3933
0.5461, -0.8888, 0.3719
0.6327, -0.9080, 0.3389
0.7103, -0.9142, 0.3275
0.7832, -0.9098, 0.3237
0.7863, -0.8875, 0.3521
0.7375, -0.8577, 0.4039
0.7427, -0.8444, 0.4065
0.8047, -0.8346, 0.3987
0.8356, -0.8066, 0.4060
0.8572, -0.7982, 0.3879
0.9073, -0.7867, 0.3486
0.9376, -0.7664, 0.3109
0.9535, -0.7548, 0.2716
0.9939, -0.7574, 0.2047
0.9956, -0.7255, 0.1582
0.9163, -0.6897, 0.1260
0.8046, -0.6571, 0.1001
0.7202, -0.6207, 0.0814
0.6439, -0.5846, 0.0609
0.6005, -0.5582, 0.0339
0.5608, -0.5204, 0.0551
0.4202, -0.4474, 0.1698
0.2622, -0.3979, 0.2788
0.1707, -0.3578, 0.3801
0.0316, -0.3088, 0.4868
-0.1008, -0.2734, 0.5579
-0.1824, -0.2751, 0.5687
-0.1857, -0.2661, 0.5493
-0.1177, -0.2678, 0.5042
-0.0586, -0.2559, 0.4532
0.0120, -0.2372, 0.4318
-0.0012, -0.2183, 0.5074
-0.1062, -0.1766, 0.6006
-0.2307, -0.1438, 0.6398
-0.3333, -0.1462, 0.6537
-0.4254, -0.1492, 0.6729
-0.5267, -0.1249, 0.6659
-0.6110, -0.1400, 0.6298
-0.5851, -0.1747, 0.5682
-0.5455, -0.1904, 0.5463
-0.5693, -0.1816, 0.5702
-0.6168, -0.1934, 0.5603
-0.6387, -0.2174, 0.5178
-0.6779, -0.2169, 0.4646
-0.6979, -0.2426, 0.4081
-0.7142, -0.1982, 0.4067
-0.7800, -0.1653, 0.3956
-0.7755, -0.1782, 0.3625
-0.7526, -0.1678, 0.3403
-0.7450, -0.1354, 0.3456
-0.7379, -0.1344, 0.3817
-0.7256, -0.1216, 0.4320
-0.7197, -0.1067, 0.4766
-0.6891, -0.1007, 0.5404
-0.7490, -0.0966, 0.6432
-0.7927, -0.0647, 0.6902
-0.8506, -0.0646, 0.7029
-0.9376, -0.0569, 0.7289
-0.9872, -0.0415, 0.7345
-1.0541, -0.0570, 0.7452
-1.0741, -0.0710, 0.7675
-1.0452, -0.0809, 0.7841
-0.9941, -0.0885, 0.7869
-0.9922, -0.0927, 0.8107
-0.9766, -0.1165, 0.7521
-1.0148, -0.1151, 0.7266
-1.0527, -0.0986, 0.7083
-1.1123, -0.0643, 0.7096
-1.1903, -0.0200, 0.7520
-1.2231, -0.0178, 0.8093
-1.2461, 0.0062, 0.8998
-1.2516, -0.0129, 1.0386
-1.2905, -0.0093, 1.2303
-1.3271, 0.0059, 1.3544
-1.2765, 0.0416, 1.4226
-1.3022, 0.0576, 1.4282
-1.3348, 0.0330, 1.4045
-1.3818, 0.0176, 1.3774
-1.3661, 0.0164, 1.3594
-1.3062, -0.0116, 1.3480
-1.2662, -0.0243, 1.3396
-1.1948, -0.0387, 1.2880
-1.1625, -0.0446, 1.2303
-1.1497, 0.0033, 1.2013
-1.1370, 0.0168, 1.1687
-1.0831, 0.0649, 1.1741
-0.9901, 0.0851, 1.1960
-0.8976, 0.1094, 1.2426
-0.7985, 0.1241, 1.3350
-0.7024, 0.1438, 1.4495
-0.6010, 0.1698, 1.5516
-0.4990, 0.1720, 1.6033
-0.4567, 0.1583, 1.5889
-0.4169, 0.1406, 1.5494
-0.3774, 0.0968, 1.5161
-0.3657, 0.1222, 1.5231
-0.2565, 0.1024, 1.5894
-0.1520, 0.0992, 1.6934
-0.0493, 0.0918, 1.7950
0.0287, 0.0573, 1.8691
0.0326, 0.0452, 1.8990
-0.0594, 0.0291, 1.8890
-0.1443, 0.0327, 1.8518
-0.1649, 0.0420, 1.7900
-0.1240, 0.0166, 1.7360
-0.1039, 0.0127, 1.7047
-0.1226, 0.0067, 1.6915
-0.1689, 0.0061, 1.6904
-0.2046, 0.0139, 1.6847
-0.2437, 0.0229, 1.6763
-0.2386, 0.0453, 1.6447
-0.2660, 0.0532, 1.5958
-0.1995, 0.0460, 1.5430
-0.1630, 0.0354, 1.4895
-0.1177, 0.0417, 1.4374
-0.0642, 0.0359, 1.4164
-0.0367, 0.0444, 1.4286
0.0066, 0.0518, 1.4342
0.0383, 0.0583, 1.4545
0.0477, 0.0739, 1.4709
0.0935, 0.0760, 1.4668
0.1968, 0.0547, 1.4183
0.2893, 0.0276, 1.3595
0.3636, 0.0059, 1.2900
0.4044, -0.0083, 1.2238
0.4446, -0.0243, 1.1777
0.4801, -0.0275, 1.1328
0.5175, -0.0397, 1.1055
0.5416, -0.0576, 1.0968
0.5280, -0.0668, 1.0896
0.5417, -0.0934, 1.0648
0.5177, -0.1100, 1.0576
0.5038, -0.1146, 1.0421
0.5172, -0.1294, 1.0033
0.4888, -0.1414, 0.9677
0.4281, -0.1644, 0.9420
0.3574, -0.1777, 0.9235
0.3333, -0.1849, 0.8864
0.3260, -0.1965, 0.8368
0.2766, -0.2126, 0.7972
0.2299, -0.2267, 0.7443
0.1975, -0.2448, 0.6823
0.2034, -0.2678, 0.6370
0.2076, -0.2922, 0.6184
0.1757, -0.3037, 0.6332
0.1420, -0.3147, 0.6388
0.1191, -0.3160, 0.6340
0.0953, -0.3091, 0.6439
0.0594, -0.3135, 0.6416
-0.0095, -0.3114, 0.6595
-0.0546, -0.3123, 0.6727
-0.0631, -0.3071, 0.6654
-0.0719, -0.2982, 0.6870
-0.1121, -0.3153, 0.6892
-0.1504, -0.3245, 0.6588
-0.1671, -0.3397, 0.6245
-0.1648, -0.3434, 0.5939
-0.1896, -0.3412, 0.5157
-0.2439, -0.3759, 0.4406
-0.2936, -0.4063, 0.3708
-0.3142, -0.4243, 0.2928
-0.3198, -0.4458, 0.2202
-0.3170, -0.4742, 0.1718
-0.3212, -0.4962, 0.1610
-0.3611, -0.5054, 0.1555
-0.4147, -0.5278, 0.1603
-0.4694, -0.5424, 0.1726
-0.5646, -0.5527, 0.1851
-0.6647, -0.5770, 0.2090
-0.7056, -0.5920, 0.2285
-0.6992, -0.6204, 0.2545
-0.7020, -0.6505, 0.2561
-0.6908, -0.6931, 0.2670
-0.6918, -0.7163, 0.3055
-0.7020, -0.7336, 0.3353
-0.7291, -0.7556, 0.3577
-0.7314, -0.7710, 0.3628
-0.7313, -0.7853, 0.3562
-0.7151, -0.8090, 0.3634
-0.6649, -0.8186, 0.3737
-0.6169, -0.8213, 0.3894
-0.5530, -0.8188, 0.4225
-0.5072, -0.8014, 0.4709
-0.5112, -0.7902, 0.5399
-0.4957, -0.7728, 0.5889
-0.4860, -0.7656, 0.6389
-0.4816, -0.7498, 0.7030
0.1478, -0.9185, 0.4320
