stroke_data:
-0.0284, 0.0865, 0.1495
-0.0139, 0.1032, 0.1510
-0.0022, 0.1259, 0.1555
0.0059, 0.1479, 0.1623
0.0110, 0.1711, 0.1720
0.0162, 0.1949, 0.1847
0.0231, 0.2193, 0.1985
0.0295, 0.2419, 0.2153
0.0376, 0.2669, 0.2339
0.0462, 0.2913, 0.2530
0.0555, 0.3086, 0.2727
0.0660, 0.3224, 0.2924
0.0764, 0.3404, 0.3139
0.0880, 0.3524, 0.3366
0.1002, 0.3569, 0.3616
0.1130, 0.3542, 0.3883
0.1264, 0.3481, 0.4169
0.1416, 0.3379, 0.4483
0.1608, 0.3247, 0.4851
0.1865, 0.3080, 0.5265
0.2210, 0.2790, 0.5744
0.2626, 0.2429, 0.6293
0.3129, 0.2016, 0.6919
0.3750, 0.1585, 0.7650
0.4477, 0.1277, 0.8499
0.5274, 0.1028, 0.9453
0.6159, 0.0644, 1.0524
0.7143, 0.0183, 1.1713
0.8216, -0.0277, 1.3020
0.9360, -0.0873, 1.4467
1.0573, -0.1709, 1.6085
1.1869, -0.2791, 1.7931
1.3276, -0.4091, 2.0082
1.4854, -0.5385, 2.2615
1.6625, -0.6361, 2.5588
1.8549, -0.7016, 2.9025
2.0631, -0.7587, 3.2926
2.2883, -0.8312, 3.7295
2.5341, -0.9301, 4.2117
2.8075, -1.0471, 4.7367
3.1161, -1.1806, 5.3052
3.4698, -1.3276, 5.9171
3.8723, -1.4581, 6.5671
4.3241, -1.5722, 7.2506
4.8246, -1.6817, 7.9646
5.3697, -1.7887, 8.7026
5.9547, -1.8958, 9.4589
6.5825, -2.0375, 10.2286
7.2579, -2.2320, 11.0101
7.9896, -2.4483, 11.8045
8.7794, -2.6410, 12.6141
9.6191, -2.7780, 13.4408
10.4993, -2.8886, 14.2839
11.4101, -2.9834, 15.1417
12.3466, -3.0617, 16.0130
13.3078, -3.1154, 16.8995
14.2895, -3.1239, 17.8007
15.2959, -3.1048, 18.7172
16.3269, -3.0281, 19.6466
17.3773, -2.9116, 20.5824
18.4459, -2.7123, 21.5218
19.5297, -2.4896, 22.4564
20.6247, -2.2522, 23.3782
21.7338, -2.0083, 24.2800
22.8611, -1.7509, 25.1565
23.9960, -1.4689, 25.9979
25.1262, -1.1475, 26.7975
26.2535, -0.8309, 27.5532
27.3854, -0.5729, 28.2613
28.5262, -0.3743, 28.9249
29.6834, -0.1902, 29.5438
30.8594, -0.0080, 30.1234
32.0588, 0.2183, 30.6648
33.2824, 0.4868, 31.1629
34.5252, 0.7653, 31.6145
35.7799, 0.9963, 32.0163
37.0409, 1.2085, 32.3594
38.3120, 1.3667, 32.6397
39.5936, 1.4515, 32.8536
40.8870, 1.4665, 33.0013
42.1933, 1.4111, 33.0826
43.5083, 1.2964, 33.1018
44.8263, 1.1453, 33.0587
46.1355, 0.9771, 32.9522
47.4218, 0.8448, 32.7818
48.6677, 0.7800, 32.5398
49.8507, 0.6829, 32.2244
50.9521, 0.5477, 31.8339
51.9585, 0.4212, 31.3642
52.8634, 0.3042, 30.8216
53.6679, 0.1660, 30.2128
54.3796, 0.0560, 29.5424
55.0080, -0.0041, 28.8197
55.5608, -0.0114, 28.0530
56.0442, -0.0299, 27.2517
56.4620, -0.0947, 26.4281
56.8204, -0.1607, 25.5915
57.1278, -0.1827, 24.7509
57.3930, -0.1378, 23.9143
57.6241, -0.0318, 23.0895
57.8294, 0.1164, 22.2788
58.0012, 0.2787, 21.4781
58.1373, 0.4199, 20.6862
58.2246, 0.5470, 19.8983
58.2515, 0.6741, 19.1117
58.2085, 0.8651, 18.3209
58.0957, 1.1536, 17.5190
57.9190, 1.5113, 16.7036
57.6870, 1.9013, 15.8724
57.4070, 2.2831, 15.0253
57.0870, 2.6262, 14.1653
56.7342, 2.9358, 13.2959
56.3532, 3.2296, 12.4212
55.9581, 3.5327, 11.5489
55.5624, 3.8611, 10.6812
55.1738, 4.1936, 9.8224
54.7987, 4.5085, 8.9759
54.4394, 4.7905, 8.1470
54.0971, 5.0449, 7.3351
53.7742, 5.2683, 6.5408
53.4713, 5.4587, 5.7624
53.1906, 5.5940, 5.0004
52.9147, 5.6613, 4.2472
52.6422, 5.6675, 3.5057
52.3622, 5.6208, 2.7795
52.0651, 5.5284, 2.0738
51.7446, 5.4055, 1.3952
51.3935, 5.2785, 0.7500
51.0084, 5.1620, 0.1470
50.5857, 5.0526, -0.4078
50.1243, 4.9537, -0.9104
49.6306, 4.8607, -1.3602
49.1117, 4.7625, -1.7601
48.5634, 4.6589, -2.1166
47.9923, 4.5477, -2.4343
47.3947, 4.4236, -2.7139
46.7702, 4.2849, -2.9536
46.1198, 4.1373, -3.1510
45.4448, 3.9903, -3.3068
44.7486, 3.8469, -3.4232
44.0366, 3.7087, -3.5038
43.3182, 3.5658, -3.5539
42.5991, 3.3901, -3.5782
41.8819, 3.1668, -3.5814
41.1728, 2.8983, -3.5676
40.4743, 2.5864, -3.5385
39.7893, 2.2270, -3.4947
39.1184, 1.8218, -3.4397
38.4610, 1.3596, -3.3742
37.8206, 0.8359, -3.2988
37.1972, 0.2716, -3.2127
36.5902, -0.3073, -3.1150
36.0015, -0.8839, -3.0037
35.4280, -1.4716, -2.8795
34.8633, -2.0846, -2.7418
34.3062, -2.7104, -2.5871
33.7550, -3.3387, -2.4125
33.2097, -3.9551, -2.2155
32.6755, -4.5352, -1.9963
32.1572, -5.0778, -1.7565
31.6547, -5.6097, -1.4996
31.1734, -6.1441, -1.2299
30.7125, -6.6807, -0.9531
30.2688, -7.1980, -0.6746
29.8449, -7.7036, -0.3973
29.4393, -8.2238, -0.1246
29.0553, -8.7693, 0.1422
28.6937, -9.3394, 0.4025
28.3550, -9.9013, 0.6541
28.0432, -10.4116, 0.8933
27.7626, -10.9054, 1.1143
27.5095, -11.4491, 1.3177
27.2875, -12.0592, 1.5041
27.0973, -12.7238, 1.6788
26.9381, -13.4113, 1.8487
26.8118, -14.1029, 2.0222
26.7172, -14.7804, 2.2098
26.6520, -15.3922, 2.4208
26.6155, -15.8719, 2.6624
26.6083, -16.2190, 2.9391
26.6258, -16.5133, 3.2470
26.6620, -16.7742, 3.5778
26.7083, -16.9763, 3.9209
26.7628, -17.1174, 4.2681
26.8219, -17.2186, 4.6123
26.8817, -17.2952, 4.9478
26.9414, -17.3553, 5.2686
26.9988, -17.4154, 5.5676
27.0521, -17.4691, 5.8397
27.1013, -17.5075, 6.0801
27.1487, -17.5506, 6.2864
27.1938, -17.6272, 6.4605
27.2365, -17.7184, 6.6035
27.2792, -17.7932, 6.7200
27.3208, -17.8469, 6.8149
27.3629, -17.8917, 6.8945
27.4050, -17.9390, 6.9641
27.4466, -17.9874, 7.0278
27.4870, -18.0187, 7.0886
27.5250, -18.0202, 7.1482
27.5577, -17.9969, 7.2078
27.5823, -17.9632, 7.2669
27.5968, -17.9018, 7.3253
27.5991, -17.7964, 7.3803
27.5849, -17.6688, 7.4305
27.5560, -17.5470, 7.4766
27.5130, -17.4275, 7.5157
27.4572, -17.2957, 7.5448
27.3895, -17.1710, 7.5593
27.3120, -17.0920, 7.5561
27.2279, -17.0395, 7.5336
27.1409, -16.9904, 7.4928
27.0510, -16.9473, 7.4357
gravity:
0.3120, -0.9103, 0.3683
0.3090, -0.9084, 0.3629
0.3152, -0.9117, 0.3534
0.3182, -0.9147, 0.3464
0.3232, -0.9165, 0.3345
0.3298, -0.9198, 0.3231
0.3319, -0.9203, 0.3129
0.3296, -0.9202, 0.3096
0.3180, -0.9147, 0.3190
0.2970, -0.9158, 0.3242
0.2842, -0.9169, 0.3293
0.2792, -0.9133, 0.3228
0.2820, -0.9194, 0.3160
0.2782, -0.9192, 0.3160
0.2882, -0.9198, 0.3141
0.3032, -0.9231, 0.3107
0.3129, -0.9221, 0.3169
0.3176, -0.9208, 0.3258
0.3282, -0.9218, 0.3346
0.3367, -0.9202, 0.3452
0.3239, -0.9177, 0.3555
0.3198, -0.9165, 0.3589
0.3223, -0.9138, 0.3535
0.3213, -0.9181, 0.3431
0.3168, -0.9176, 0.3417
0.3152, -0.9198, 0.3376
0.3218, -0.9280, 0.3318
0.3148, -0.9298, 0.3392
0.3054, -0.9287, 0.3463
0.3163, -0.9319, 0.3442
0.3199, -0.9314, 0.3450
0.3142, -0.9318, 0.3455
0.3196, -0.9352, 0.3458
0.3252, -0.9343, 0.3422
0.3373, -0.9359, 0.3354
0.3455, -0.9385, 0.3186
0.3605, -0.9371, 0.3033
0.3644, -0.9344, 0.2848
0.3656, -0.9357, 0.2783
0.3854, -0.9357, 0.2742
0.3988, -0.9335, 0.2611
0.4252, -0.9385, 0.2452
0.4481, -0.9436, 0.2589
0.4467, -0.9312, 0.2749
0.4427, -0.9285, 0.2772
0.4594, -0.9257, 0.2838
0.4758, -0.9169, 0.2958
0.4900, -0.9038, 0.3041
0.5209, -0.8914, 0.2986
0.5793, -0.8790, 0.2793
0.6488, -0.8660, 0.2472
0.7314, -0.8627, 0.2090
0.7903, -0.8431, 0.2013
0.7980, -0.8112, 0.2072
0.7848, -0.7864, 0.2007
0.7590, -0.7520, 0.1844
0.7347, -0.7272, 0.1476
0.7224, -0.6913, 0.0963
0.7079, -0.6567, 0.0336
0.6837, -0.6368, -0.0244
0.6532, -0.5938, -0.0518
0.5931, -0.5466, -0.0565
0.5261, -0.4971, -0.0470
0.4473, -0.4299, -0.0206
0.3818, -0.3798, -0.0021
0.3087, -0.3557, -0.0127
0.2688, -0.3286, -0.0375
0.2920, -0.3069, -0.0737
0.3110, -0.2921, -0.0656
0.3149, -0.2391, -0.0061
0.2511, -0.1884, 0.0658
0.2108, -0.1357, 0.1375
0.1759, -0.0934, 0.1827
0.1571, -0.0729, 0.2229
0.1311, -0.0560, 0.2565
0.0411, -0.0192, 0.2544
0.0525, -0.0845, 0.2789
-0.0547, -0.0332, 0.3199
-0.0514, -0.0818, 0.3298
-0.2128, -0.0787, 0.3706
-0.2731, -0.0551, 0.4058
-0.3563, -0.0699, 0.4225
-0.4186, -0.0597, 0.4547
-0.5210, -0.0330, 0.5602
-0.5928, -0.0193, 0.6523
-0.6902, -0.0520, 0.6770
-0.7650, -0.1141, 0.6902
-0.7854, -0.1414, 0.6885
-0.7462, -0.1858, 0.6713
-0.7629, -0.2036, 0.6692
-0.7462, -0.2417, 0.6547
-0.8390, -0.2438, 0.6956
-0.9047, -0.2445, 0.7744
-1.0178, -0.2533, 0.8866
-1.0530, -0.2262, 0.9644
-1.1595, -0.2374, 1.0067
-1.1976, -0.2363, 1.0658
-1.2072, -0.2317, 1.1034
-1.1971, -0.2352, 1.1460
-1.1569, -0.2119, 1.2085
-1.1337, -0.2065, 1.2743
-1.1338, -0.1783, 1.3927
-1.1017, -0.1459, 1.5370
-1.1256, -0.1244, 1.7135
-1.2522, -0.0698, 1.9221
-1.2216, -0.0717, 2.0778
-1.1951, -0.0498, 2.1868
-1.1594, -0.0430, 2.2340
-1.1069, -0.0343, 2.2170
-0.9913, -0.0907, 2.1550
-0.8790, -0.0919, 2.0919
-0.7794, -0.1194, 2.0328
-0.7303, -0.1278, 2.0070
-0.6183, -0.1564, 1.9679
-0.4795, -0.1775, 1.9006
-0.3555, -0.2131, 1.8201
-0.2498, -0.2583, 1.7360
-0.1924, -0.3002, 1.6835
-0.1758, -0.3236, 1.6593
-0.1967, -0.3241, 1.6638
-0.2262, -0.3062, 1.7057
-0.2383, -0.2891, 1.7592
-0.2603, -0.2318, 1.8129
-0.2428, -0.2177, 1.8120
-0.2739, -0.1891, 1.7799
-0.3055, -0.1747, 1.7230
-0.3427, -0.1755, 1.6404
-0.3624, -0.1614, 1.5596
-0.3539, -0.1630, 1.4746
-0.3092, -0.1732, 1.3772
-0.2507, -0.1832, 1.2795
-0.1610, -0.2056, 1.1649
-0.1078, -0.2256, 1.0581
-0.0808, -0.2440, 0.9885
-0.0361, -0.2798, 0.9398
-0.0109, -0.3177, 0.9139
0.0215, -0.3298, 0.9056
0.0306, -0.3439, 0.8960
0.0425, -0.3595, 0.9026
0.0344, -0.3623, 0.9563
0.0265, -0.3503, 1.0167
0.0635, -0.3517, 1.0857
0.1091, -0.3354, 1.1641
0.1720, -0.3291, 1.2296
0.2570, -0.3124, 1.2876
0.3582, -0.3108, 1.3328
0.4460, -0.3140, 1.3632
0.5009, -0.3130, 1.4010
0.5521, -0.3257, 1.3993
0.5649, -0.3448, 1.3666
0.5571, -0.3555, 1.3386
0.5259, -0.3508, 1.3129
0.4999, -0.3345, 1.3048
0.5024, -0.3389, 1.2964
0.5155, -0.3402, 1.2798
0.5262, -0.3538, 1.2548
0.5266, -0.3640, 1.2146
0.5029, -0.3751, 1.1588
0.4910, -0.3785, 1.0830
0.4374, -0.3881, 1.0099
0.3788, -0.3787, 0.9618
0.3445, -0.3834, 0.8978
0.3141, -0.3785, 0.8484
0.2971, -0.3676, 0.7998
0.2797, -0.3826, 0.7585
0.2473, -0.3717, 0.7329
0.2184, -0.3601, 0.7114
0.1965, -0.3521, 0.6782
0.1975, -0.3383, 0.6475
0.2094, -0.3241, 0.6198
0.2133, -0.3192, 0.6017
0.1829, -0.3123, 0.6187
0.1686, -0.2974, 0.6343
0.1926, -0.3094, 0.6295
0.2028, -0.3250, 0.6206
0.2079, -0.3287, 0.5896
0.2117, -0.3599, 0.5452
0.1724, -0.3878, 0.5195
0.1176, -0.4061, 0.5149
0.0676, -0.4233, 0.4950
-0.0042, -0.4431, 0.5052
-0.0359, -0.4487, 0.5282
-0.0845, -0.4761, 0.5182
-0.1333, -0.4944, 0.5175
-0.1511, -0.5206, 0.5139
-0.1821, -0.5682, 0.5035
-0.1754, -0.5721, 0.5068
-0.1803, -0.6006, 0.4719
-0.2446, -0.6145, 0.4673
-0.2938, -0.6379, 0.4861
-0.2833, -0.6545, 0.4803
-0.2373, -0.6790, 0.4753
-0.1539, -0.6909, 0.4631
-0.0770, -0.7081, 0.4448
0.0168, -0.7174, 0.4417
0.1166, -0.7208, 0.4331
0.2278, -0.7307, 0.4215
0.2390, -0.7347, 0.4233
0.1356, -0.7325, 0.4607
0.0615, -0.7195, 0.5198
-0.0071, -0.7070, 0.5718
-0.0818, -0.7081, 0.6084
-0.1659, -0.7084, 0.6395
-0.2380, -0.7103, 0.6770
-0.2897, -0.7170, 0.7032
-0.3667, -0.7255, 0.7262
-0.4088, -0.7305, 0.7435
-0.4429, -0.7487, 0.7480
-0.4739, -0.7703, 0.7499
-0.4966, -0.7900, 0.7551
-0.4607, -0.8114, 0.7455
-0.4069, -0.8313, 0.7291
0.0000, 0.0000, 0.0000
