stroke_data:
-0.3615, -0.3518, -0.4913
-0.3105, -0.4704, -0.5863
-0.2588, -0.5967, -0.6814
-0.2065, -0.7206, -0.7740
-0.1537, -0.8322, -0.8626
-0.0991, -0.9385, -0.9459
-0.0450, -1.0407, -1.0215
0.0066, -1.1336, -1.0884
0.0536, -1.2258, -1.1446
0.0941, -1.3209, -1.1915
0.1270, -1.4149, -1.2261
0.1511, -1.5048, -1.2466
0.1670, -1.5824, -1.2506
0.1770, -1.6400, -1.2371
0.1764, -1.6811, -1.2065
0.1647, -1.7129, -1.1589
0.1378, -1.7054, -1.0919
0.0973, -1.6509, -1.0050
0.0457, -1.5782, -0.8993
-0.0147, -1.4920, -0.7778
-0.0793, -1.3970, -0.6469
-0.1461, -1.3020, -0.5171
-0.2165, -1.1900, -0.3979
-0.2934, -1.0522, -0.2975
-0.3767, -0.8880, -0.2211
-0.4676, -0.6991, -0.1753
-0.5697, -0.5108, -0.1682
-0.6871, -0.3231, -0.2063
-0.8226, -0.1383, -0.2913
-0.9775, 0.0353, -0.4251
-1.1529, 0.2107, -0.6105
-1.3448, 0.3978, -0.8463
-1.5502, 0.5973, -1.1309
-1.7679, 0.8155, -1.4624
-1.9927, 1.0543, -1.8380
-2.2221, 1.3113, -2.2540
-2.4521, 1.5888, -2.7088
-2.6810, 1.8786, -3.2011
-2.9075, 2.1749, -3.7304
-3.1310, 2.4788, -4.2944
-3.3499, 2.7921, -4.8923
-3.5606, 3.0995, -5.5232
-3.7577, 3.3888, -6.1857
-3.9396, 3.6768, -6.8834
-4.1039, 3.9673, -7.6175
-4.2495, 4.2301, -8.3863
-4.3733, 4.4466, -9.1908
-4.4730, 4.6354, -10.0265
-4.5469, 4.8261, -10.8868
-4.5932, 5.0267, -11.7635
-4.6067, 5.2350, -12.6479
-4.5867, 5.4497, -13.5317
-4.5310, 5.6497, -14.4066
-4.4353, 5.8562, -15.2675
-4.2950, 6.0645, -16.1102
-4.1107, 6.2715, -16.9330
-3.8882, 6.4986, -17.7340
-3.6311, 6.7256, -18.5121
-3.3418, 6.9362, -19.2650
-3.0166, 7.1104, -19.9915
-2.6521, 7.2394, -20.6910
-2.2448, 7.3239, -21.3647
-1.7929, 7.3678, -22.0114
-1.2899, 7.3970, -22.6305
-0.7341, 7.4064, -23.2249
-0.1308, 7.3781, -23.7977
0.5154, 7.3199, -24.3522
1.1986, 7.2470, -24.8938
1.9117, 7.1525, -25.4255
2.6482, 7.0109, -25.9448
3.4030, 6.8002, -26.4471
4.1701, 6.5307, -26.9254
4.9512, 6.2319, -27.3725
5.7535, 5.9167, -27.7833
6.5687, 5.6120, -28.1541
7.3951, 5.3437, -28.4727
8.2249, 5.0959, -28.7209
9.0513, 4.8934, -28.8846
9.8653, 4.6797, -28.9520
10.6776, 4.4272, -28.9203
11.4763, 4.1425, -28.7905
12.2657, 3.8636, -28.5680
13.0486, 3.6053, -28.2581
13.8298, 3.3447, -27.8625
14.6110, 3.0781, -27.3876
15.3839, 2.8140, -26.8453
16.1522, 2.5433, -26.2461
16.9093, 2.2645, -25.6040
17.6493, 1.9627, -24.9313
18.3636, 1.6328, -24.2358
19.0479, 1.3111, -23.5168
19.6947, 0.9947, -22.7791
20.2980, 0.6906, -22.0331
20.8462, 0.4112, -21.2877
21.3316, 0.1493, -20.5576
21.7495, -0.1014, -19.8615
22.0911, -0.3626, -19.2106
22.3599, -0.6508, -18.6137
22.5565, -0.9567, -18.0725
22.6915, -1.2790, -17.5806
22.7743, -1.5954, -17.1351
22.8125, -1.8930, -16.7366
22.8137, -2.1695, -16.3821
22.7773, -2.4261, -16.0704
22.7069, -2.6586, -15.7992
22.6037, -2.8611, -15.5655
22.4775, -3.0291, -15.3659
22.3250, -3.1636, -15.2004
22.1530, -3.2740, -15.0683
21.9588, -3.3533, -14.9702
21.7405, -3.3962, -14.9068
21.4935, -3.4245, -14.8815
21.2141, -3.4475, -14.8955
20.9049, -3.4546, -14.9489
20.5704, -3.4459, -15.0380
20.2165, -3.4272, -15.1594
19.8515, -3.3856, -15.3096
19.4771, -3.3164, -15.4880
19.1092, -3.2220, -15.6892
18.7512, -3.1036, -15.9122
18.4056, -2.9658, -16.1527
18.0746, -2.8068, -16.4056
17.7613, -2.6214, -16.6649
17.4684, -2.4097, -16.9284
17.1979, -2.1662, -17.1942
16.9503, -1.9028, -17.4641
16.7261, -1.6394, -17.7381
16.5231, -1.3683, -18.0186
16.3353, -1.1031, -18.3090
16.1710, -0.8573, -18.6130
16.0331, -0.6144, -18.9316
15.9258, -0.3686, -19.2637
15.8548, -0.1269, -19.6111
15.8220, 0.1031, -19.9713
15.8308, 0.3219, -20.3422
15.8854, 0.5207, -20.7230
15.9881, 0.6932, -21.1121
16.1437, 0.8357, -21.5099
16.3479, 0.9706, -21.9201
16.6044, 1.1008, -22.3408
16.9114, 1.2193, -22.7686
17.2712, 1.3277, -23.1975
17.6820, 1.4151, -23.6218
18.1445, 1.4872, -24.0343
18.6604, 1.5746, -24.4280
19.2291, 1.6719, -24.7983
19.8489, 1.7833, -25.1445
20.5180, 1.9188, -25.4649
21.2316, 2.0789, -25.7594
21.9729, 2.2414, -26.0270
22.7447, 2.3792, -26.2658
23.5475, 2.5065, -26.4723
24.3897, 2.6338, -26.6442
25.2806, 2.7622, -26.7785
26.2203, 2.8783, -26.8730
27.2033, 2.9698, -26.9257
28.2245, 3.0389, -26.9415
29.2833, 3.0975, -26.9274
30.3796, 3.1426, -26.8868
31.5199, 3.1654, -26.8210
32.7230, 3.1859, -26.7329
33.9989, 3.1911, -26.6231
35.3294, 3.1663, -26.4922
36.6992, 3.1369, -26.3354
38.0978, 3.1192, -26.1529
39.5075, 3.0933, -25.9503
40.9295, 3.0328, -25.7314
42.3785, 2.9423, -25.4971
43.8956, 2.8372, -25.2506
45.4943, 2.6645, -24.9976
47.1611, 2.4414, -24.7387
48.8689, 2.2230, -24.4757
50.5533, 1.9864, -24.2145
52.1602, 1.6823, -23.9639
53.6562, 1.3037, -23.7291
55.0389, 0.8359, -23.5066
56.3300, 0.3475, -23.2794
57.5619, -0.1186, -23.0217
58.7674, -0.5171, -22.7030
59.9658, -0.8242, -22.3021
61.1590, -1.0073, -21.8049
62.3339, -1.0966, -21.2051
63.4379, -1.1449, -20.5102
64.4315, -1.1878, -19.7313
65.2731, -1.2190, -18.8809
65.9545, -1.2202, -17.9641
66.4962, -1.1792, -16.9863
66.9276, -1.1359, -15.9569
67.2750, -1.0855, -14.8852
67.5486, -0.9811, -13.7871
67.7493, -0.7928, -12.6925
67.8661, -0.5817, -11.6302
67.9025, -0.4286, -10.6231
67.8562, -0.3571, -9.6910
67.7289, -0.3618, -8.8453
67.5218, -0.4394, -8.0882
67.2366, -0.6015, -7.4138
66.8710, -0.8568, -6.8086
66.4273, -1.1768, -6.2511
65.9174, -1.4011, -5.7023
65.3569, -1.4129, -5.1324
64.7519, -1.3402, -4.5495
64.0922, -1.3620, -3.9790
63.3786, -1.4900, -3.4385
62.6099, -1.6503, -2.9401
61.7894, -1.7461, -2.4923
60.9291, -1.7215, -2.0914
60.0441, -1.5620, -1.7263
59.1427, -1.3344, -1.3853
58.2319, -1.1003, -1.0560
57.3117, -0.8914, -0.7273
56.3892, -0.6990, -0.3991
55.4432, -0.5113, -0.0722
54.4801, -0.3353, 0.2501
53.5030, -0.1735, 0.5641
52.5194, -0.0292, 0.8670
51.5423, 0.1251, 1.1529
50.5840, 0.2858, 1.4194
49.6526, 0.4794, 1.6577
48.7553, 0.6847, 1.8596
47.8968, 0.8390, 2.0182
47.0699, 0.9122, 2.1303
46.2577, 0.8899, 2.1984
45.4384, 0.8146, 2.2249
44.6174, 0.7365, 2.2156
43.7882, 0.6730, 2.1804
42.9554, 0.6377, 2.1241
42.1297, 0.6283, 2.0514
41.3181, 0.6499, 1.9658
40.5282, 0.7008, 1.8667
39.7682, 0.7448, 1.7576
39.0417, 0.7535, 1.6391
38.3521, 0.7117, 1.5124
37.6837, 0.6600, 1.3675
37.0159, 0.6529, 1.1979
36.3610, 0.6140, 1.0073
35.7113, 0.5735, 0.7896
35.0658, 0.5522, 0.5461
34.4290, 0.5222, 0.2844
33.8087, 0.4770, 0.0098
33.2190, 0.4111, -0.2713
32.6738, 0.3242, -0.5529
32.1826, 0.2267, -0.8281
31.7577, 0.1262, -1.0904
31.3880, 0.0446, -1.3350
31.0799, -0.0083, -1.5597
30.8294, -0.0202, -1.7627
30.6310, 0.0026, -1.9446
30.4791, 0.0337, -2.1048
30.3623, 0.0477, -2.2456
30.2690, 0.0575, -2.3693
30.1951, 0.0645, -2.4779
30.1388, 0.0585, -2.5740
30.1042, 0.0373, -2.6579
30.0931, 0.0226, -2.7359
30.1048, 0.0278, -2.8086
30.1442, 0.0500, -2.8766
30.2035, 0.0775, -2.9411
30.2751, 0.0967, -3.0033
30.3509, 0.1031, -3.0637
30.4237, 0.0954, -3.1223
30.4888, 0.0677, -3.1803
30.5446, 0.0213, -3.2372
30.5898, -0.0264, -3.2923
30.6310, -0.0722, -3.3445
30.6574, -0.1281, -3.3955
30.6821, -0.1974, -3.4436
30.7056, -0.2667, -3.4881
30.7344, -0.3343, -3.5297
30.7714, -0.3954, -3.5666
30.8160, -0.4372, -3.5988
30.8665, -0.4590, -3.6258
30.9182, -0.4720, -3.6469
30.9628, -0.4873, -3.6632
30.9980, -0.5056, -3.6761
31.0233, -0.5268, -3.6860
31.0321, -0.5451, -3.6959
gravity:
-0.3702, -0.8047, 0.5183
-0.3660, -0.8082, 0.5016
-0.3651, -0.8126, 0.4862
-0.3665, -0.8163, 0.4702
-0.3718, -0.8186, 0.4496
-0.3678, -0.8215, 0.4309
-0.3596, -0.8193, 0.4240
-0.3617, -0.8192, 0.4333
-0.3597, -0.8159, 0.4429
-0.3661, -0.8186, 0.4459
-0.3757, -0.8186, 0.4463
-0.3739, -0.8215, 0.4332
-0.3761, -0.8257, 0.4231
-0.3896, -0.8330, 0.4153
-0.3910, -0.8313, 0.4152
-0.3828, -0.8336, 0.4214
-0.3772, -0.8341, 0.4393
-0.3630, -0.8328, 0.4531
-0.3530, -0.8347, 0.4747
-0.3395, -0.8341, 0.4940
-0.3306, -0.8375, 0.5016
-0.3069, -0.8391, 0.5134
-0.2883, -0.8428, 0.5229
-0.2815, -0.8477, 0.5293
-0.2667, -0.8536, 0.5439
-0.2506, -0.8584, 0.5577
-0.2566, -0.8638, 0.5774
-0.2513, -0.8667, 0.5995
-0.2406, -0.8752, 0.6150
-0.2263, -0.8890, 0.6190
-0.2163, -0.9048, 0.6167
-0.2162, -0.9165, 0.6219
-0.2333, -0.9253, 0.6359
-0.2609, -0.9397, 0.6578
-0.2341, -0.9425, 0.6787
-0.2550, -0.9675, 0.6716
-0.3188, -0.9896, 0.6584
-0.3602, -1.0023, 0.6383
-0.4564, -1.0216, 0.6160
-0.5623, -1.0269, 0.6199
-0.6504, -1.0297, 0.6350
-0.7349, -1.0229, 0.6571
-0.7972, -1.0017, 0.6704
-0.8756, -0.9744, 0.6957
-0.9727, -0.9427, 0.7294
-1.0023, -0.9048, 0.7649
-1.0413, -0.8778, 0.7932
-1.0608, -0.8429, 0.8046
-1.0525, -0.8051, 0.8003
-1.0424, -0.7760, 0.7731
-1.0170, -0.7551, 0.7383
-0.9792, -0.7332, 0.7032
-0.9470, -0.7010, 0.6658
-0.9109, -0.6766, 0.6180
-0.8800, -0.6504, 0.5763
-0.8596, -0.6217, 0.5442
-0.8405, -0.5930, 0.5138
-0.8041, -0.5574, 0.4854
-0.7721, -0.5244, 0.4413
-0.7655, -0.5031, 0.3898
-0.7454, -0.4796, 0.3385
-0.7256, -0.4493, 0.2875
-0.7040, -0.4207, 0.2471
-0.6942, -0.4058, 0.2091
-0.6704, -0.3864, 0.1693
-0.5975, -0.3734, 0.1243
-0.5040, -0.3654, 0.0903
-0.4117, -0.3636, 0.0601
-0.3247, -0.3751, 0.0278
-0.2339, -0.3752, -0.0085
-0.1465, -0.3887, -0.0516
-0.0591, -0.4065, -0.0914
0.0082, -0.4127, -0.1208
0.0638, -0.4324, -0.1244
0.1384, -0.4264, -0.1046
0.1866, -0.4325, -0.0773
0.2479, -0.4313, -0.0585
0.2896, -0.4390, -0.0631
0.3309, -0.4374, -0.0750
0.3794, -0.4493, -0.0936
0.4261, -0.4513, -0.1136
0.4922, -0.4655, -0.1376
0.4917, -0.4772, -0.1278
0.4967, -0.4696, -0.0845
0.5032, -0.4762, -0.0385
0.4967, -0.4668, 0.0251
0.5105, -0.4547, 0.0907
0.5387, -0.4668, 0.1620
0.5825, -0.4645, 0.2274
0.6449, -0.4771, 0.2614
0.7334, -0.5033, 0.2775
0.7843, -0.5487, 0.2927
0.8622, -0.5724, 0.3429
1.0027, -0.6217, 0.4362
1.1185, -0.6576, 0.5551
1.2736, -0.6731, 0.6458
1.2733, -0.7339, 0.7466
1.2917, -0.7496, 0.8071
1.2656, -0.7622, 0.8204
1.2629, -0.7657, 0.8282
1.2063, -0.7623, 0.8273
1.1311, -0.7635, 0.8351
1.0416, -0.7728, 0.8381
0.9325, -0.7645, 0.9012
0.7842, -0.7471, 0.9851
0.6176, -0.7352, 1.0707
0.4633, -0.7245, 1.1691
0.3463, -0.7391, 1.2625
0.2655, -0.7552, 1.3440
0.1544, -0.7583, 1.4282
0.0503, -0.7505, 1.4996
-0.1246, -0.7410, 1.6084
-0.2686, -0.7496, 1.6719
-0.4496, -0.7582, 1.7340
-0.5784, -0.7681, 1.7843
-0.6920, -0.7911, 1.7966
-0.7264, -0.8085, 1.7683
-0.7124, -0.8550, 1.6951
-0.7360, -0.8739, 1.6085
-0.7561, -0.8938, 1.5267
-0.7772, -0.8975, 1.4689
-0.7893, -0.8843, 1.4365
-0.7935, -0.8708, 1.4017
-0.7872, -0.8535, 1.3562
-0.7710, -0.8436, 1.3142
-0.7712, -0.8333, 1.2684
-0.7748, -0.8218, 1.2484
-0.7690, -0.7911, 1.2389
-0.7683, -0.7539, 1.2518
-0.7872, -0.7150, 1.2773
-0.7826, -0.6799, 1.2720
-0.7458, -0.6570, 1.2386
-0.7028, -0.6530, 1.1699
-0.6691, -0.6559, 1.0896
-0.6169, -0.6571, 0.9901
-0.5703, -0.6636, 0.8903
-0.5173, -0.6581, 0.8176
-0.4711, -0.6478, 0.7556
-0.4194, -0.6376, 0.7032
-0.3531, -0.6202, 0.6534
-0.2935, -0.6079, 0.5985
-0.2594, -0.5996, 0.5511
-0.2224, -0.5867, 0.5162
-0.2279, -0.5710, 0.4919
-0.2336, -0.5509, 0.4949
-0.2214, -0.5342, 0.4911
-0.2417, -0.5216, 0.4723
-0.2527, -0.5052, 0.4376
-0.2343, -0.5004, 0.3873
-0.2234, -0.4972, 0.3352
-0.2196, -0.4912, 0.2917
-0.1982, -0.4890, 0.2550
-0.1680, -0.4830, 0.2217
-0.1545, -0.4730, 0.1904
-0.1354, -0.4658, 0.1573
-0.1429, -0.4636, 0.1329
-0.1254, -0.4427, 0.1249
-0.1033, -0.4252, 0.1119
-0.0642, -0.4061, 0.1110
0.0028, -0.3849, 0.1133
0.0459, -0.3689, 0.1150
0.1152, -0.3433, 0.1110
0.1953, -0.3268, 0.0977
0.2234, -0.3115, 0.1132
0.2578, -0.2900, 0.1293
0.2762, -0.2899, 0.1676
0.3094, -0.2711, 0.2639
0.3171, -0.2798, 0.3451
0.3326, -0.3016, 0.3964
0.3781, -0.3298, 0.3956
0.4128, -0.3606, 0.3633
0.4421, -0.3816, 0.3379
0.4441, -0.4031, 0.3596
0.4386, -0.3967, 0.4288
0.3967, -0.4084, 0.4788
0.3474, -0.4167, 0.5072
0.3094, -0.4254, 0.4985
0.2623, -0.4438, 0.4390
0.2603, -0.4473, 0.3315
0.2257, -0.4648, 0.3160
0.2125, -0.3851, 0.4634
0.2330, -0.3358, 0.5831
0.2200, -0.3146, 0.7098
0.1427, -0.2625, 0.8499
0.0773, -0.2574, 0.8361
0.1144, -0.2908, 0.6781
0.1392, -0.2531, 0.4049
0.0500, -0.2831, 0.3253
0.1147, -0.1224, 0.4968
0.1466, -0.0503, 0.8256
0.0953, 0.0853, 1.3595
0.0260, 0.1865, 1.7885
0.0487, 0.2124, 2.1505
0.1122, 0.2073, 2.1907
0.3340, 0.1255, 2.0243
0.6133, 0.1167, 1.7638
0.8887, 0.0536, 1.4821
1.0619, 0.1117, 1.3439
1.2045, 0.1531, 1.2712
1.2346, 0.2246, 1.4606
1.1703, 0.3552, 1.8116
1.0942, 0.4438, 2.2313
1.0061, 0.5514, 2.5258
0.9492, 0.5692, 2.5699
0.8866, 0.5532, 2.4155
0.7397, 0.5382, 2.1744
0.6039, 0.5115, 1.9639
0.4293, 0.5236, 1.8779
0.1531, 0.5483, 1.8676
-0.1686, 0.5442, 1.8899
-0.4553, 0.5271, 1.9182
-0.6644, 0.5151, 1.9260
-0.7898, 0.5017, 1.9318
-0.8480, 0.4880, 1.9254
-0.8545, 0.4651, 1.9207
-0.7783, 0.4509, 1.9303
-0.6481, 0.4740, 1.9238
-0.3011, 0.4843, 1.8313
-0.0630, 0.5177, 1.7225
-0.2567, 0.4821, 1.6771
-0.4851, 0.5490, 1.7279
-0.5602, 0.5172, 1.7190
-0.6053, 0.5500, 1.6650
-0.5676, 0.5187, 1.5675
-0.4886, 0.5087, 1.4226
-0.3740, 0.4635, 1.2955
-0.3088, 0.4451, 1.2106
-0.2319, 0.4008, 1.1459
-0.1724, 0.3783, 1.1226
-0.1266, 0.3582, 1.1174
-0.1062, 0.3356, 1.1227
-0.1066, 0.3197, 1.1089
-0.1129, 0.2941, 1.0795
-0.1342, 0.2802, 1.0081
-0.1360, 0.2380, 0.8982
-0.1741, 0.1863, 0.7988
-0.2170, 0.1375, 0.7186
-0.2963, 0.0979, 0.6556
-0.3801, 0.0425, 0.6199
-0.4270, 0.0010, 0.7159
-0.4280, 0.0190, 0.8605
-0.3900, -0.0006, 0.9148
-0.3253, -0.0297, 0.9558
-0.2622, -0.0337, 0.9786
-0.2263, -0.0634, 0.9370
-0.1957, -0.0961, 0.8677
-0.1742, -0.1238, 0.7960
-0.1605, -0.1617, 0.7222
-0.1652, -0.1926, 0.6721
-0.1699, -0.2206, 0.6393
-0.2205, -0.2681, 0.6763
-0.3220, -0.2976, 0.8843
-0.3335, -0.2775, 0.8975
-0.3845, -0.3152, 0.8635
-0.3907, -0.3115, 0.9556
-0.3416, -0.2908, 0.9279
-0.2742, -0.2826, 0.8488
-0.1957, -0.2784, 0.7378
-0.1053, -0.3107, 0.5916
-0.0293, -0.3534, 0.4590
0.0464, -0.3711, 0.3557
0.1189, -0.3962, 0.2854
0.1693, -0.4133, 0.2627
0.2118, -0.4133, 0.2700
0.2255, -0.4243, 0.2979
0.2191, -0.4230, 0.3564
0.2018, -0.4333, 0.4280
0.1635, -0.4331, 0.5371
0.1603, -0.4320, 0.6265
0.1382, -0.4426, 0.6887
0.1017, -0.4691, 0.6938
0.0808, -0.4927, 0.6876
0.0709, -0.5081, 0.6615
0.0603, -0.5267, 0.6349
0.0471, -0.5302, 0.6488
0.0306, -0.5250, 0.7001
0.0000, 0.0000, 0.0000
