stroke_data:
0.6905, -0.1219, 0.1629
0.7007, -0.1161, 0.2088
0.7156, -0.1244, 0.2570
0.7376, -0.1467, 0.3064
0.7660, -0.1756, 0.3559
0.8003, -0.2120, 0.4035
0.8410, -0.2620, 0.4476
0.8894, -0.3242, 0.4888
0.9471, -0.3982, 0.5295
1.0160, -0.4851, 0.5706
1.0943, -0.5850, 0.6160
1.1784, -0.6877, 0.6677
1.2673, -0.7964, 0.7277
1.3585, -0.9173, 0.8000
1.4573, -1.0412, 0.8870
1.5673, -1.1680, 0.9921
1.6890, -1.3025, 1.1196
1.8190, -1.4275, 1.2700
1.9589, -1.5462, 1.4473
2.1064, -1.6472, 1.6552
2.2592, -1.7141, 1.8942
2.4191, -1.7770, 2.1660
2.5860, -1.8310, 2.4725
2.7594, -1.8681, 2.8106
2.9380, -1.9051, 3.1705
3.1231, -1.9245, 3.5468
3.3153, -1.9087, 3.9372
3.5139, -1.8742, 4.3352
3.7172, -1.8425, 4.7379
3.9158, -1.7769, 5.1436
4.1032, -1.6818, 5.5487
4.2678, -1.5945, 5.9496
4.4030, -1.4707, 6.3371
4.5036, -1.2923, 6.7052
4.5566, -1.0459, 7.0515
4.5557, -0.7326, 7.3709
4.4931, -0.3617, 7.6580
4.3648, 0.0825, 7.9040
4.1720, 0.5596, 8.1025
3.9163, 1.0613, 8.2470
3.6055, 1.5970, 8.3269
3.2443, 2.1533, 8.3323
2.8395, 2.7137, 8.2550
2.4002, 3.2554, 8.0902
1.9356, 3.7759, 7.8332
1.4529, 4.2758, 7.4789
0.9584, 4.7365, 7.0277
0.4568, 5.1508, 6.4803
-0.0477, 5.5327, 5.8377
-0.5515, 5.8743, 5.1013
-1.0537, 6.1776, 4.2757
-1.5540, 6.4692, 3.3656
-2.0497, 6.7620, 2.3774
-2.5401, 7.0630, 1.3135
-3.0229, 7.3194, 0.1739
-3.4998, 7.4614, -1.0361
-3.9702, 7.4983, -2.3107
-4.4295, 7.4818, -3.6422
-4.8694, 7.4219, -5.0236
-5.2865, 7.2828, -6.4490
-5.6794, 7.0884, -7.9108
-6.0472, 6.8707, -9.4037
-6.3926, 6.6734, -10.9241
-6.7140, 6.4656, -12.4663
-7.0119, 6.2255, -14.0238
-7.2863, 5.9467, -15.5953
-7.5314, 5.6573, -17.1739
-7.7442, 5.3620, -18.7507
-7.9265, 5.0597, -20.3182
-8.0818, 4.7750, -21.8709
-8.2095, 4.5285, -23.4008
-8.3108, 4.3348, -24.9025
-8.3809, 4.1498, -26.3684
-8.4194, 3.9367, -27.7985
-8.4268, 3.7125, -29.1887
-8.3973, 3.4736, -30.5337
-8.3301, 3.2229, -31.8306
-8.2289, 2.9758, -33.0729
-8.0931, 2.7310, -34.2559
-7.9227, 2.5161, -35.3773
-7.7165, 2.3864, -36.4300
-7.4733, 2.3053, -37.4012
-7.1972, 2.2237, -38.2867
-6.8930, 2.1644, -39.0859
-6.5635, 2.1584, -39.8024
-6.2041, 2.1860, -40.4455
-5.8183, 2.2223, -41.0228
-5.4008, 2.2586, -41.5403
-4.9475, 2.2879, -42.0015
-4.4572, 2.2961, -42.4098
-3.9335, 2.2925, -42.7724
-3.3781, 2.2772, -43.0933
-2.7951, 2.2624, -43.3737
-2.1898, 2.2753, -43.6078
-1.5651, 2.3052, -43.7896
-0.9210, 2.3403, -43.9162
-0.2571, 2.3708, -43.9895
0.4304, 2.3877, -44.0128
1.1355, 2.3971, -43.9934
1.8552, 2.3958, -43.9375
2.5832, 2.3676, -43.8517
3.3270, 2.3059, -43.7342
4.0908, 2.2272, -43.5815
4.8880, 2.1456, -43.3854
5.7263, 2.0552, -43.1393
6.6010, 1.9588, -42.8387
7.5062, 1.8813, -42.4789
8.4383, 1.8372, -42.0609
9.3958, 1.8061, -41.5913
10.3779, 1.7702, -41.0794
11.3834, 1.7238, -40.5347
12.4095, 1.6768, -39.9647
13.4538, 1.6010, -39.3707
14.5116, 1.4636, -38.7508
15.5741, 1.3075, -38.1045
16.6301, 1.1771, -37.4254
17.6726, 1.0215, -36.7058
18.6981, 0.8331, -35.9415
19.7060, 0.6846, -35.1327
20.6910, 0.5554, -34.2775
21.6449, 0.4432, -33.3818
22.5625, 0.3193, -32.4474
23.4424, 0.1755, -31.4795
24.2901, 0.0234, -30.4811
25.1184, -0.1480, -29.4516
25.9356, -0.3212, -28.3881
26.7481, -0.4674, -27.2934
27.5635, -0.6065, -26.1689
28.3912, -0.7697, -25.0214
29.2348, -0.9664, -23.8552
30.0801, -1.1454, -22.6690
30.9014, -1.2200, -21.4704
31.6775, -1.2265, -20.2666
32.3914, -1.2084, -19.0628
33.0266, -1.1316, -17.8702
33.5850, -1.0231, -16.6993
34.0623, -0.8846, -15.5594
34.4593, -0.6928, -14.4489
34.7993, -0.4745, -13.3707
35.0989, -0.2445, -12.3225
35.3732, 0.0025, -11.3082
35.6375, 0.2677, -10.3374
35.8989, 0.5329, -9.4200
36.1579, 0.7688, -8.5648
36.4064, 0.9771, -7.7812
36.6379, 1.1806, -7.0727
36.8488, 1.3966, -6.4411
37.0310, 1.6142, -5.8858
37.1920, 1.8108, -5.4074
37.3419, 1.9856, -5.0094
37.4877, 2.1469, -4.6953
37.6270, 2.2971, -4.4669
37.7558, 2.4320, -4.3247
37.8722, 2.5499, -4.2683
37.9699, 2.6749, -4.2946
38.0476, 2.8051, -4.3995
38.1047, 2.9195, -4.5778
38.1449, 3.0098, -4.8230
38.1738, 3.0925, -5.1298
38.1987, 3.2004, -5.4953
38.2289, 3.3365, -5.9183
38.2679, 3.4973, -6.3965
38.3168, 3.6809, -6.9293
38.3798, 3.8751, -7.5149
38.4599, 4.0652, -8.1503
38.5622, 4.2430, -8.8339
38.6892, 4.4113, -9.5639
38.8368, 4.5656, -10.3402
38.9925, 4.7246, -11.1629
39.1454, 4.9041, -12.0361
39.2876, 5.1095, -12.9626
39.4140, 5.3307, -13.9473
39.5281, 5.5384, -14.9947
39.6328, 5.7021, -16.1067
39.7299, 5.8076, -17.2821
39.8141, 5.8616, -18.5180
39.8847, 5.8785, -19.8108
39.9395, 5.8773, -21.1528
39.9715, 5.8649, -22.5383
39.9811, 5.8338, -23.9643
39.9672, 5.7920, -25.4185
39.9311, 5.7462, -26.8914
39.8808, 5.7115, -28.3749
39.8283, 5.7138, -29.8584
39.7851, 5.7261, -31.3331
39.7612, 5.6855, -32.7897
39.7597, 5.5358, -34.2174
39.7734, 5.2740, -35.6076
39.7913, 4.9359, -36.9555
39.8033, 4.5643, -38.2536
39.8023, 4.1852, -39.4836
39.7896, 3.7631, -40.6390
39.7664, 3.3722, -41.7158
39.7379, 3.0588, -42.7122
39.7140, 2.8116, -43.6259
39.6914, 2.5974, -44.4439
39.6693, 2.3749, -45.1615
39.6490, 2.2011, -45.7776
39.6311, 2.0895, -46.2963
39.6125, 2.0208, -46.7234
39.5904, 1.9615, -47.0660
39.5566, 1.9297, -47.3347
39.5064, 1.9526, -47.5323
39.4380, 2.0188, -47.6631
39.3543, 2.0998, -47.7316
39.2624, 2.1754, -47.7433
39.1705, 2.2387, -47.7068
39.0856, 2.3021, -47.6304
39.0148, 2.3754, -47.5199
38.9611, 2.4545, -47.3830
38.9255, 2.5272, -47.2256
38.9064, 2.5853, -47.0565
38.9008, 2.6328, -46.8833
38.9074, 2.6767, -46.7118
38.9247, 2.7054, -46.5485
38.9502, 2.6860, -46.3970
38.9792, 2.6214, -46.2625
39.0040, 2.5397, -46.1456
39.0201, 2.4558, -46.0474
39.0227, 2.3659, -45.9675
39.0112, 2.2772, -45.9040
38.9880, 2.1868, -45.8540
38.9518, 2.0870, -45.8169
38.9045, 1.9801, -45.7904
38.8478, 1.8773, -45.7703
38.7823, 1.7863, -45.7567
38.7092, 1.7105, -45.7460
38.6290, 1.6489, -45.7365
38.5424, 1.5983, -45.7264
38.4517, 1.5584, -45.7146
38.3568, 1.5249, -45.6980
38.2602, 1.4996, -45.6756
38.1631, 1.4837, -45.6449
38.0670, 1.4848, -45.6079
37.9704, 1.4964, -45.5672
37.8709, 1.5064, -45.5278
37.7714, 1.5163, -45.4954
37.6754, 1.5156, -45.4759
37.5858, 1.4915, -45.4705
37.5080, 1.4568, -45.4804
37.4431, 1.4356, -45.5090
gravity:
-0.5203, -0.7383, 0.5048
-0.5114, -0.7418, 0.4944
-0.4983, -0.7432, 0.4756
-0.4917, -0.7454, 0.4640
-0.4886, -0.7427, 0.4645
-0.4854, -0.7406, 0.4670
-0.4830, -0.7384, 0.4727
-0.4828, -0.7324, 0.4688
-0.4845, -0.7344, 0.4584
-0.4895, -0.7374, 0.4445
-0.4889, -0.7413, 0.4304
-0.4868, -0.7438, 0.4202
-0.4827, -0.7423, 0.4257
-0.4854, -0.7393, 0.4321
-0.4845, -0.7347, 0.4395
-0.4851, -0.7289, 0.4473
-0.4822, -0.7283, 0.4515
-0.4752, -0.7274, 0.4426
-0.4766, -0.7268, 0.4327
-0.4774, -0.7257, 0.4193
-0.4888, -0.7269, 0.4122
-0.5039, -0.7283, 0.4027
-0.5112, -0.7260, 0.4055
-0.5272, -0.7269, 0.4037
-0.5371, -0.7281, 0.3954
-0.5305, -0.7297, 0.3918
-0.5223, -0.7329, 0.3842
-0.5057, -0.7346, 0.3828
-0.4882, -0.7329, 0.4032
-0.4691, -0.7268, 0.4257
-0.4556, -0.7241, 0.4364
-0.4427, -0.7333, 0.4352
-0.4187, -0.7394, 0.4043
-0.4006, -0.7511, 0.3717
-0.3882, -0.7695, 0.3834
-0.3702, -0.7769, 0.3961
-0.3716, -0.7810, 0.3979
-0.3492, -0.7948, 0.4180
-0.3419, -0.7969, 0.4282
-0.3831, -0.8075, 0.4272
-0.3906, -0.8221, 0.4408
-0.4381, -0.8176, 0.4463
-0.5452, -0.8442, 0.4591
-0.5559, -0.8774, 0.4760
-0.5922, -0.8676, 0.4877
-0.6843, -0.8684, 0.5167
-0.7299, -0.8875, 0.5804
-0.7266, -0.8694, 0.6481
-0.7788, -0.8621, 0.7281
-0.8643, -0.8027, 0.8289
-0.9027, -0.8296, 0.9001
-0.9778, -0.8760, 0.9696
-1.0057, -0.7809, 1.0754
-1.0862, -0.7736, 1.1509
-1.1519, -0.7523, 1.2076
-1.2056, -0.7261, 1.2333
-1.3021, -0.7168, 1.2205
-1.3523, -0.6990, 1.1844
-1.4240, -0.6764, 1.1230
-1.4899, -0.6467, 1.0613
-1.5295, -0.6205, 0.9803
-1.5681, -0.6008, 0.8865
-1.5779, -0.5730, 0.7960
-1.5880, -0.5510, 0.7130
-1.5856, -0.5240, 0.6405
-1.5565, -0.4958, 0.5708
-1.5253, -0.4611, 0.5193
-1.4915, -0.4309, 0.4740
-1.4373, -0.3936, 0.4364
-1.3666, -0.3436, 0.3999
-1.2979, -0.3125, 0.3551
-1.2595, -0.2688, 0.3209
-1.2590, -0.2399, 0.2900
-1.2529, -0.2280, 0.2567
-1.1721, -0.1989, 0.2064
-1.0576, -0.1720, 0.1301
-0.9836, -0.1759, 0.0498
-0.9292, -0.1597, 0.0123
-0.8278, -0.1440, -0.0219
-0.7522, -0.1327, -0.0333
-0.6532, -0.1378, -0.0403
-0.5925, -0.0715, -0.0443
-0.5269, -0.0959, -0.0553
-0.4839, -0.1090, -0.0800
-0.3820, -0.1392, -0.1245
-0.2782, -0.0857, -0.1519
-0.1857, -0.1328, -0.1454
-0.0865, -0.1267, -0.1340
0.0125, -0.1121, -0.1288
0.1138, -0.1865, -0.1260
0.1405, -0.1448, -0.1356
0.2037, -0.1384, -0.1450
0.2942, -0.1981, -0.1713
0.3530, -0.2152, -0.1956
0.4246, -0.2267, -0.2031
0.5182, -0.2585, -0.1935
0.5819, -0.2733, -0.1888
0.6711, -0.2780, -0.1744
0.8246, -0.2996, -0.1689
0.8881, -0.3539, -0.1431
0.9097, -0.3695, -0.0931
0.9814, -0.3894, -0.0558
0.9930, -0.4102, -0.0394
0.9445, -0.4407, -0.0159
0.9066, -0.4581, 0.0051
0.8777, -0.4817, 0.0054
0.8613, -0.5138, -0.0005
0.8239, -0.5533, -0.0032
0.7988, -0.5717, 0.0186
0.7828, -0.5914, 0.0498
0.8091, -0.6095, 0.1031
0.8748, -0.6040, 0.1633
0.8990, -0.6230, 0.2006
0.9225, -0.6375, 0.2289
0.9272, -0.6273, 0.2424
0.8826, -0.6404, 0.2543
0.8524, -0.6279, 0.3088
0.8080, -0.6101, 0.3521
0.7651, -0.6304, 0.3597
0.7731, -0.6261, 0.3491
0.8152, -0.6434, 0.2972
0.8571, -0.6614, 0.2452
0.8762, -0.6653, 0.2086
0.8971, -0.6902, 0.2645
0.9207, -0.6952, 0.3154
0.9010, -0.7063, 0.3566
0.8230, -0.7188, 0.3990
0.7416, -0.7196, 0.4396
0.6639, -0.7230, 0.4807
0.6298, -0.7070, 0.5481
0.5972, -0.6904, 0.6052
0.5813, -0.6821, 0.7223
0.6304, -0.6279, 0.8252
0.6680, -0.5955, 0.9167
0.6521, -0.6165, 0.9966
0.6313, -0.6140, 1.0314
0.6978, -0.5916, 1.0614
0.6366, -0.5756, 1.1273
0.5725, -0.5388, 1.2153
0.5046, -0.5168, 1.2867
0.4474, -0.5095, 1.3186
0.4060, -0.5137, 1.2754
0.3776, -0.5245, 1.1876
0.3621, -0.5076, 1.1327
0.3453, -0.4742, 1.0709
0.2706, -0.4591, 0.9952
0.1864, -0.4329, 0.9502
0.1311, -0.4001, 0.9564
0.1179, -0.3523, 1.0938
0.0577, -0.2504, 1.2778
-0.0791, -0.2161, 1.4583
-0.1836, -0.1665, 1.6195
-0.2695, -0.1337, 1.6957
-0.4087, -0.1462, 1.7299
-0.4818, -0.1470, 1.7552
-0.5354, -0.1456, 1.6785
-0.5938, -0.1844, 1.5256
-0.6176, -0.2177, 1.3700
-0.6840, -0.2264, 1.2291
-0.7789, -0.2439, 1.0972
-0.8832, -0.2546, 1.0328
-0.9966, -0.2416, 1.0367
-1.0752, -0.2235, 1.0812
-1.1129, -0.1959, 1.1385
-1.1272, -0.1810, 1.1764
-1.1637, -0.1824, 1.1699
-1.2134, -0.1866, 1.1290
-1.2407, -0.1920, 1.0508
-1.2638, -0.2118, 0.9983
-1.2794, -0.1986, 1.0226
-1.2931, -0.1887, 1.0558
-1.2917, -0.1979, 1.0973
-1.2632, -0.1792, 1.1324
-1.2451, -0.1877, 1.1433
-1.2184, -0.1924, 1.1444
-1.1764, -0.1968, 1.1129
-1.1398, -0.2084, 1.0549
-1.1049, -0.1984, 0.9841
-1.0901, -0.2054, 0.9214
-1.0680, -0.1934, 0.8970
-1.0486, -0.1714, 0.8771
-1.0244, -0.1633, 0.8453
-0.9915, -0.1431, 0.8085
-0.9546, -0.1449, 0.7773
-0.9147, -0.1340, 0.7820
-0.8983, -0.1232, 0.8550
-0.8900, -0.1002, 0.9644
-0.8892, -0.0828, 1.0779
-0.8956, -0.0685, 1.1656
-0.9159, -0.0627, 1.2068
-0.9297, -0.0718, 1.1945
-0.9176, -0.0817, 1.1707
-0.8804, -0.0691, 1.1783
-0.8079, -0.0504, 1.1815
-0.7327, -0.0343, 1.1770
-0.6436, -0.0139, 1.1765
-0.5494, -0.0013, 1.1707
-0.4623, 0.0089, 1.1895
-0.3333, 0.0121, 1.1887
-0.2250, -0.0166, 1.1400
-0.1014, -0.0328, 1.0569
0.0525, -0.0676, 0.9510
0.1552, -0.1057, 0.8403
0.2570, -0.1409, 0.7609
0.3527, -0.1831, 0.7285
0.4700, -0.1969, 0.7494
0.5773, -0.1962, 0.8030
0.6760, -0.1946, 0.8400
0.9194, -0.2338, 0.9344
0.9650, -0.2329, 0.8651
1.0385, -0.2943, 0.8365
1.1069, -0.3035, 0.8074
1.0754, -0.3851, 0.7201
1.2069, -0.4121, 0.7683
1.2314, -0.3940, 0.7942
1.2766, -0.4313, 0.7698
1.2626, -0.4397, 0.7985
1.2120, -0.4427, 0.8475
1.1210, -0.4578, 0.9039
1.0809, -0.4525, 0.9833
1.0566, -0.4470, 1.0354
0.9984, -0.4562, 1.0598
0.9305, -0.4701, 1.0499
0.8462, -0.4828, 0.9985
0.7502, -0.4967, 0.9276
0.6630, -0.5084, 0.8527
0.5818, -0.5182, 0.7920
0.4907, -0.5243, 0.7498
0.3939, -0.5321, 0.7256
0.2991, -0.5316, 0.7321
0.2205, -0.5211, 0.7424
0.1552, -0.5161, 0.7538
0.0931, -0.5121, 0.7761
0.0125, -0.5092, 0.8087
-0.0293, -0.4994, 0.8608
-0.0383, -0.4799, 0.9214
-0.0538, -0.4711, 0.9728
-0.0649, -0.4686, 1.0121
-0.0526, -0.4640, 1.0370
-0.0439, -0.4769, 1.0356
0.0000, 0.0000, 0.0000
