stroke_data:
-1.8105, -0.9083, -0.0966
-1.7781, -0.9333, -0.1533
-1.7428, -0.9601, -0.2136
-1.7074, -0.9880, -0.2780
-1.6733, -1.0201, -0.3459
-1.6409, -1.0486, -0.4132
-1.6102, -1.0642, -0.4799
-1.5843, -1.0710, -0.5443
-1.5631, -1.0725, -0.6052
-1.5471, -1.0664, -0.6625
-1.5376, -1.0574, -0.7181
-1.5328, -1.0495, -0.7719
-1.5315, -1.0405, -0.8245
-1.5320, -1.0291, -0.8766
-1.5330, -1.0130, -0.9292
-1.5341, -0.9952, -0.9830
-1.5363, -0.9774, -1.0380
-1.5409, -0.9660, -1.0954
-1.5490, -0.9646, -1.1556
-1.5612, -0.9772, -1.2194
-1.5763, -0.9934, -1.2891
-1.5938, -1.0114, -1.3629
-1.6119, -1.0282, -1.4402
-1.6300, -1.0338, -1.5175
-1.6463, -1.0271, -1.5936
-1.6620, -1.0099, -1.6662
-1.6789, -0.9627, -1.7335
-1.6952, -0.8633, -1.7973
-1.7098, -0.7234, -1.8593
-1.7249, -0.5541, -1.9231
-1.7442, -0.3614, -1.9945
-1.7693, -0.1587, -2.0806
-1.8061, 0.0411, -2.1861
-1.8612, 0.2550, -2.3174
-1.9309, 0.4935, -2.4856
-2.0147, 0.7725, -2.6985
-2.1067, 1.1096, -2.9612
-2.2011, 1.4719, -3.2838
-2.2990, 1.8120, -3.6710
-2.4033, 2.1150, -4.1262
-2.5136, 2.3770, -4.6531
-2.6273, 2.6308, -5.2509
-2.7422, 2.9397, -5.9157
-2.8624, 3.3613, -6.6450
-2.9820, 3.8252, -7.4359
-3.0987, 4.2521, -8.2844
-3.2177, 4.6625, -9.1827
-3.3379, 5.1487, -10.1274
-3.4510, 5.7059, -11.1144
-3.5454, 6.2936, -12.1406
-3.6157, 6.8689, -13.2033
-3.6608, 7.3862, -14.2877
-3.6818, 7.8249, -15.3873
-3.6793, 8.1631, -16.4963
-3.6552, 8.5319, -17.6100
-3.6145, 8.9782, -18.7232
-3.5493, 9.4714, -19.8375
-3.4488, 9.8496, -20.9494
-3.3231, 10.3381, -22.0608
-3.1587, 10.9170, -23.1686
-2.9414, 11.4343, -24.2583
-2.6654, 11.8723, -25.3186
-2.3320, 12.2927, -26.3443
-1.9428, 12.7255, -27.3306
-1.4978, 13.1236, -28.2742
-1.0024, 13.5118, -29.1731
-0.4641, 13.9393, -30.0227
0.1082, 14.4114, -30.8207
0.7046, 14.9245, -31.5676
1.3192, 15.4172, -32.2611
1.9467, 15.9286, -32.8994
2.5795, 16.4898, -33.4756
3.2122, 17.0241, -33.9854
3.8374, 17.5954, -34.4412
4.4496, 18.1643, -34.8507
5.0489, 18.6781, -35.2220
5.6394, 19.1543, -35.5728
6.2311, 19.6046, -35.9159
6.8375, 20.0022, -36.2597
7.4626, 20.3188, -36.6145
8.1042, 20.5843, -36.9894
8.7616, 20.7782, -37.3766
9.4378, 20.9638, -37.7578
10.1346, 21.1642, -38.1116
10.8548, 21.3898, -38.4218
11.5926, 21.6430, -38.6799
12.3457, 21.9055, -38.8828
13.1170, 22.1998, -39.0369
13.9082, 22.5222, -39.1448
14.7229, 22.8629, -39.2121
15.5663, 23.2217, -39.2383
16.4456, 23.5740, -39.2182
17.3554, 23.8800, -39.1505
18.2833, 24.1854, -39.0388
19.2184, 24.5278, -38.8861
20.1563, 24.8356, -38.6969
21.0989, 25.1052, -38.4761
22.0498, 25.3443, -38.2288
23.0165, 25.5670, -37.9557
24.0102, 25.7409, -37.6580
25.0356, 25.8808, -37.3368
26.0974, 26.0184, -36.9904
27.1961, 26.1413, -36.6205
28.3242, 26.2413, -36.2318
29.4723, 26.2885, -35.8290
30.6362, 26.3151, -35.4210
31.8077, 26.3523, -35.0153
32.9868, 26.3320, -34.6219
34.1619, 26.2712, -34.2502
35.3164, 26.1793, -33.9044
36.4386, 26.0510, -33.5796
37.5368, 25.8629, -33.2708
38.6167, 25.6125, -32.9701
39.6774, 25.2583, -32.6683
40.7162, 24.9392, -32.3506
41.7170, 24.6337, -31.9948
42.6667, 24.3640, -31.5973
43.5489, 24.1858, -31.1482
44.3559, 24.0675, -30.6397
45.0820, 24.0337, -30.0691
45.7295, 24.1038, -29.4351
46.2977, 24.2495, -28.7366
46.8154, 24.4669, -27.9799
47.3056, 24.7142, -27.1757
47.7946, 24.9897, -26.3392
48.3006, 25.2869, -25.4816
48.8359, 25.5712, -24.6140
49.4082, 25.7897, -23.7500
50.0146, 25.8451, -22.9029
50.6462, 25.7409, -22.0835
51.2960, 25.5029, -21.2940
51.9557, 25.1838, -20.5320
52.6149, 24.8032, -19.7894
53.2700, 24.3656, -19.0557
53.9151, 23.9110, -18.3178
54.5508, 23.4852, -17.5676
55.1718, 23.1098, -16.8068
55.7659, 22.7779, -16.0396
56.3247, 22.4536, -15.2706
56.8389, 22.1328, -14.5087
57.3050, 21.8097, -13.7596
57.7271, 21.4513, -13.0218
58.1040, 21.0754, -12.2956
58.4322, 20.7041, -11.5806
58.7069, 20.3176, -10.8697
58.9213, 19.8941, -10.1571
59.0746, 19.4835, -9.4403
59.1668, 19.1029, -8.7166
59.2039, 18.7439, -7.9816
59.1929, 18.4073, -7.2343
59.1378, 18.1088, -6.4794
59.0411, 17.8403, -5.7204
58.9068, 17.6005, -4.9626
58.7373, 17.4217, -4.2124
58.5338, 17.3145, -3.4716
58.2962, 17.2872, -2.7407
58.0235, 17.3056, -2.0169
57.7155, 17.3170, -1.2967
57.3770, 17.3137, -0.5752
57.0097, 17.3304, 0.1509
56.6178, 17.3781, 0.8864
56.1959, 17.4600, 1.6372
55.7365, 17.5770, 2.4056
55.2261, 17.7233, 3.1899
54.6616, 17.9853, 3.9753
54.0408, 18.3353, 4.7455
53.3695, 18.7253, 5.4863
52.6554, 19.1175, 6.1883
51.9061, 19.4634, 6.8476
51.1292, 19.7313, 7.4622
50.3241, 19.9005, 8.0334
49.4856, 19.9583, 8.5694
48.6130, 19.9397, 9.0749
47.7070, 19.9241, 9.5493
46.7705, 19.9725, 9.9884
45.8069, 20.0801, 10.3871
44.8199, 20.2171, 10.7459
43.8118, 20.3423, 11.0671
42.7855, 20.4001, 11.3566
41.7415, 20.3868, 11.6226
40.6835, 20.3243, 11.8745
39.6114, 20.2418, 12.1189
38.5252, 20.1721, 12.3573
37.4261, 20.1454, 12.5911
36.3153, 20.2219, 12.8178
35.1980, 20.4352, 13.0257
34.0795, 20.7377, 13.2078
32.9411, 21.0724, 13.3588
31.7968, 21.3825, 13.4693
30.6449, 21.6386, 13.5411
29.4912, 21.8513, 13.5765
28.3422, 22.0722, 13.5767
27.2044, 22.3371, 13.5393
26.0824, 22.6314, 13.4673
24.9821, 22.9321, 13.3624
23.8941, 23.2557, 13.2223
22.8244, 23.5887, 13.0452
21.7687, 23.9487, 12.8289
20.7259, 24.3239, 12.5690
19.6967, 24.6904, 12.2670
18.6780, 25.0498, 11.9232
17.6710, 25.4215, 11.5390
16.6828, 25.8062, 11.1184
15.7134, 26.1996, 10.6655
14.7663, 26.6042, 10.1821
13.8362, 27.0147, 9.6688
12.9185, 27.4146, 9.1319
12.0131, 27.8121, 8.5752
11.1276, 28.1991, 7.9961
10.2685, 28.5626, 7.3947
9.4329, 28.9185, 6.7746
8.6214, 29.3049, 6.1386
7.8380, 29.6936, 5.4926
7.0787, 30.0665, 4.8466
6.3394, 30.4248, 4.2077
5.6206, 30.7853, 3.5846
4.9117, 31.1794, 2.9768
4.2199, 31.6074, 2.3854
3.5528, 32.0355, 1.8157
2.9120, 32.4665, 1.2683
2.3047, 32.8893, 0.7397
1.7338, 33.2622, 0.2293
1.1934, 33.6169, -0.2682
0.6812, 33.9288, -0.7569
0.1971, 34.1714, -1.2414
-0.2611, 34.4275, -1.7213
-0.6888, 34.6965, -2.1860
-1.0825, 34.9438, -2.6265
-1.4457, 35.1818, -3.0383
-1.7748, 35.4232, -3.4167
-2.0699, 35.6852, -3.7563
-2.3333, 35.9671, -4.0578
-2.5655, 36.2461, -4.3247
-2.7685, 36.5058, -4.5616
-2.9438, 36.7525, -4.7692
-3.0916, 37.0103, -4.9468
-3.2071, 37.2741, -5.0934
-3.2892, 37.5443, -5.2100
-3.3360, 37.8092, -5.2984
-3.3517, 38.0677, -5.3634
-3.3416, 38.3038, -5.4078
-3.3092, 38.5036, -5.4346
-3.2540, 38.6805, -5.4521
-3.1793, 38.8304, -5.4642
-3.0935, 38.9615, -5.4740
-3.0012, 39.0732, -5.4815
-2.9072, 39.1492, -5.4866
-2.8167, 39.1993, -5.4881
-2.7327, 39.2388, -5.4815
-2.6557, 39.2760, -5.4626
-2.5875, 39.3279, -5.4330
-2.5351, 39.3892, -5.3947
-2.5028, 39.4487, -5.3482
-2.4886, 39.4935, -5.2975
-2.4925, 39.5243, -5.2451
-2.5112, 39.5415, -5.1927
-2.5422, 39.5512, -5.1397
-2.5808, 39.5649, -5.0826
-2.6229, 39.5816, -5.0185
-2.6663, 39.5789, -4.9438
-2.7137, 39.5856, -4.8608
-2.7623, 39.6069, -4.7709
-2.8103, 39.6336, -4.6809
-2.8571, 39.6502, -4.5986
-2.9039, 39.6575, -4.5268
-2.9531, 39.6589, -4.4662
-3.0046, 39.6392, -4.4173
-3.0544, 39.6083, -4.3825
-3.0983, 39.5804, -4.3582
gravity:
-0.4688, -0.8590, 0.4006
-0.4746, -0.8541, 0.4280
-0.4711, -0.8452, 0.4446
-0.4652, -0.8452, 0.4427
-0.4612, -0.8414, 0.4207
-0.4492, -0.8444, 0.3938
-0.4532, -0.8416, 0.3896
-0.4351, -0.8333, 0.3929
-0.4182, -0.8319, 0.3843
-0.4113, -0.8302, 0.3615
-0.4271, -0.8378, 0.3295
-0.4493, -0.8466, 0.3091
-0.4803, -0.8477, 0.2863
-0.5033, -0.8584, 0.2715
-0.5063, -0.8680, 0.2644
-0.5085, -0.8689, 0.2538
-0.4962, -0.8722, 0.2551
-0.5049, -0.8733, 0.2627
-0.4973, -0.8666, 0.2759
-0.4901, -0.8632, 0.2988
-0.4844, -0.8545, 0.3353
-0.4655, -0.8451, 0.3613
-0.4542, -0.8452, 0.3721
-0.4376, -0.8433, 0.3873
-0.4154, -0.8361, 0.4026
-0.4081, -0.8325, 0.4105
-0.3995, -0.8325, 0.4194
-0.3961, -0.8271, 0.4294
-0.3962, -0.8308, 0.4293
-0.4025, -0.8356, 0.4208
-0.4021, -0.8407, 0.4081
-0.3995, -0.8459, 0.3944
-0.3975, -0.8506, 0.3823
-0.4047, -0.8529, 0.3759
-0.4025, -0.8538, 0.3851
-0.4098, -0.8577, 0.3934
-0.4127, -0.8619, 0.3988
-0.4269, -0.8677, 0.3993
-0.4232, -0.8748, 0.3926
-0.4235, -0.8834, 0.3805
-0.4125, -0.8888, 0.3706
-0.3936, -0.8964, 0.3582
-0.3864, -0.9032, 0.3582
-0.3759, -0.9108, 0.3641
-0.3604, -0.9092, 0.3684
-0.3733, -0.9154, 0.3589
-0.4182, -0.9242, 0.3611
-0.4648, -0.9220, 0.3828
-0.5276, -0.9352, 0.4065
-0.6057, -0.9363, 0.4341
-0.6787, -0.9406, 0.4741
-0.7510, -0.9550, 0.5040
-0.8492, -0.9631, 0.5100
-0.9192, -0.9707, 0.5049
-0.9619, -0.9884, 0.4792
-1.0637, -1.0121, 0.4684
-1.1469, -1.0105, 0.4900
-1.1726, -0.9912, 0.5115
-1.2052, -1.0106, 0.5092
-1.1798, -0.9933, 0.5013
-1.1141, -0.9518, 0.4985
-1.0342, -1.0032, 0.5500
-1.1022, -1.0637, 0.5165
-1.0819, -0.8652, 0.5348
-0.9991, -0.8335, 0.5352
-0.8917, -0.8394, 0.5005
-0.8341, -0.8065, 0.4261
-0.8213, -0.7161, 0.3373
-0.7896, -0.7723, 0.2937
-0.6981, -0.7899, 0.2500
-0.6499, -0.6731, 0.2476
-0.6329, -0.5634, 0.2179
-0.4388, -0.6306, 0.2091
-0.3357, -0.6666, 0.2070
-0.3318, -0.4987, 0.1378
-0.4148, -0.1986, 0.0811
-0.1327, -0.4058, 0.0541
-0.1620, -0.5850, -0.0239
-0.1587, -0.5831, -0.0801
-0.0728, -0.5848, -0.1085
0.0421, -0.5609, -0.0970
0.1432, -0.5404, -0.0892
0.1550, -0.5505, -0.0653
0.2178, -0.5050, -0.0131
0.3240, -0.4075, 0.0380
0.3650, -0.4063, 0.1033
0.3906, -0.3733, 0.1688
0.3700, -0.3511, 0.2137
0.4492, -0.3417, 0.2463
0.4900, -0.3311, 0.2955
0.4594, -0.3481, 0.3480
0.5222, -0.4083, 0.3909
0.4203, -0.3339, 0.4152
0.3480, -0.3855, 0.4382
0.3059, -0.3839, 0.4263
0.2747, -0.3876, 0.3857
0.2354, -0.4253, 0.3549
0.2023, -0.4277, 0.3700
0.2809, -0.4143, 0.3722
0.3220, -0.4285, 0.3679
0.4696, -0.4351, 0.3276
0.5898, -0.4603, 0.2887
0.6967, -0.4886, 0.2716
0.7314, -0.4834, 0.2800
0.7568, -0.4918, 0.3063
0.7539, -0.4774, 0.3059
0.7223, -0.4706, 0.3127
0.6949, -0.4546, 0.3123
0.7155, -0.4402, 0.3032
0.7209, -0.4584, 0.2936
0.6962, -0.4600, 0.3838
0.7209, -0.4264, 0.4806
0.6886, -0.3773, 0.5677
0.6189, -0.3906, 0.6255
0.5804, -0.4036, 0.6460
0.5481, -0.3932, 0.6534
0.5400, -0.3877, 0.6219
0.4893, -0.4001, 0.5784
0.4980, -0.4110, 0.5636
0.4995, -0.4136, 0.5454
0.4415, -0.4410, 0.5680
0.3921, -0.3984, 0.6506
0.3088, -0.3846, 0.7314
0.3018, -0.4023, 0.7954
0.2147, -0.3649, 0.8804
0.0603, -0.4380, 0.9491
0.0742, -0.4113, 1.1014
0.0590, -0.3741, 1.2542
0.0421, -0.3799, 1.3586
0.1091, -0.4056, 1.3848
0.1823, -0.4329, 1.3745
0.1986, -0.4818, 1.3999
0.5226, -0.4210, 1.4633
0.5917, -0.4658, 1.6078
0.6686, -0.4077, 1.7389
0.7423, -0.3953, 1.8655
0.7384, -0.3856, 1.9467
0.7312, -0.3767, 1.9921
0.7863, -0.4025, 1.9777
0.6865, -0.3801, 1.8843
0.6409, -0.3818, 1.6681
0.4833, -0.3950, 1.4130
0.3678, -0.3911, 1.1608
0.2610, -0.3933, 0.9622
0.1469, -0.3638, 0.8340
0.0193, -0.3320, 0.7662
-0.1514, -0.3138, 0.8199
-0.1819, -0.2532, 0.9114
-0.2178, -0.2463, 0.9840
-0.1628, -0.2263, 1.0725
-0.1124, -0.2108, 1.1443
-0.0255, -0.1985, 1.1957
0.1016, -0.1689, 1.2184
0.1715, -0.1761, 1.2018
0.1736, -0.1632, 1.2662
0.1476, -0.1082, 1.3684
0.0870, -0.1179, 1.4645
0.0399, -0.0885, 1.5516
0.0032, -0.0726, 1.5985
-0.0288, -0.0934, 1.6227
-0.0103, -0.0886, 1.6431
0.0319, -0.0768, 1.6749
0.0637, -0.0870, 1.7441
0.0958, -0.0302, 1.8204
0.1929, -0.0281, 1.8412
0.1711, -0.0071, 1.8477
0.2375, -0.0326, 1.8164
0.2109, -0.0627, 1.7698
0.2294, -0.0321, 1.7515
0.1847, 0.0049, 1.7268
0.1437, 0.0011, 1.6896
0.1097, 0.0308, 1.6591
0.0853, 0.0353, 1.6393
0.0848, 0.0394, 1.6351
0.0635, 0.0438, 1.6274
0.0471, 0.0339, 1.6151
0.0625, 0.0404, 1.5885
0.1058, 0.0455, 1.5468
0.1482, 0.0377, 1.5219
0.1791, 0.0857, 1.5699
0.1718, 0.0814, 1.6359
0.1315, 0.1279, 1.7200
0.0927, 0.1346, 1.7235
-0.1257, 0.1306, 1.7136
-0.2415, 0.1002, 1.6622
-0.3420, 0.0754, 1.5994
-0.4102, 0.0637, 1.5280
-0.4462, 0.0533, 1.4797
-0.4437, 0.0552, 1.4811
-0.4180, 0.0714, 1.5057
-0.3855, 0.0953, 1.5042
-0.3574, 0.0830, 1.4662
-0.3561, 0.0587, 1.4075
-0.3892, 0.0499, 1.3599
-0.3969, 0.0547, 1.3219
-0.3993, 0.0477, 1.2780
-0.3970, 0.0432, 1.2456
-0.3491, 0.0425, 1.2041
-0.2941, 0.0304, 1.1602
-0.2418, 0.0382, 1.1316
-0.2148, 0.0433, 1.1150
-0.2131, 0.0452, 1.0847
-0.2114, 0.0380, 1.0343
-0.2550, 0.0038, 0.9912
-0.3370, 0.0017, 0.9800
-0.4022, -0.0118, 0.9661
-0.4725, -0.0284, 0.9313
-0.5085, -0.0353, 0.8929
-0.4957, -0.0591, 0.8546
-0.4915, -0.0909, 0.7878
-0.4894, -0.1277, 0.7173
-0.4960, -0.1698, 0.6720
-0.5231, -0.2151, 0.6287
-0.5322, -0.2627, 0.6019
-0.5674, -0.2515, 0.5897
-0.5765, -0.2753, 0.5789
-0.6049, -0.2882, 0.5797
-0.6227, -0.2832, 0.5852
-0.5991, -0.2877, 0.5664
-0.5823, -0.3121, 0.5197
-0.5261, -0.3303, 0.4752
-0.5026, -0.3527, 0.4351
-0.4541, -0.3625, 0.4122
-0.4272, -0.3820, 0.4076
-0.3784, -0.3782, 0.4221
-0.3381, -0.3839, 0.4052
-0.3298, -0.3973, 0.3376
-0.3058, -0.4376, 0.2810
-0.2506, -0.4365, 0.2664
-0.1688, -0.4480, 0.2399
-0.1261, -0.4781, 0.2220
-0.0482, -0.5068, 0.2358
0.0249, -0.5294, 0.2439
0.1067, -0.5597, 0.2618
0.1652, -0.5610, 0.2673
0.2020, -0.5824, 0.2140
0.2258, -0.6217, 0.1558
0.2817, -0.6534, 0.1133
0.2681, -0.6659, 0.0575
0.2438, -0.6493, 0.0424
0.2738, -0.6759, 0.0540
0.2336, -0.6633, 0.0388
0.1991, -0.6724, 0.0273
0.3013, -0.7131, 0.0092
0.3705, -0.7230, -0.0278
0.4115, -0.7632, -0.0514
0.4675, -0.8240, -0.0532
0.5198, -0.8269, -0.0771
0.5636, -0.8657, -0.0801
0.5585, -0.8917, -0.0620
0.5275, -0.9078, -0.0515
0.4946, -0.9352, -0.0313
0.4895, -0.9463, -0.0126
0.4999, -0.9562, -0.0183
0.4871, -0.9816, -0.0428
0.4874, -0.9987, -0.0546
0.4617, -0.9976, -0.0455
0.4341, -1.0081, -0.0006
0.4064, -1.0001, 0.0421
0.3656, -1.0072, 0.0736
0.3286, -1.0051, 0.0973
0.2899, -1.0022, 0.1580
0.2771, -1.0029, 0.2330
0.2545, -0.9958, 0.2817
0.2454, -0.9949, 0.3379
0.2548, -1.0044, 0.3878
0.2859, -1.0055, 0.4100
0.2925, -1.0282, 0.4136
0.0000, 0.0000, 0.0000
