stroke_data:
-0.4716, -0.4056, 0.4671
-0.5093, -0.3696, 0.5102
-0.5411, -0.3429, 0.5527
-0.5646, -0.3309, 0.5923
-0.5430, -0.3176, 0.6122
-0.5179, -0.3007, 0.6297
-0.4892, -0.2769, 0.6460
-0.4582, -0.2389, 0.6623
-0.4254, -0.1962, 0.6786
-0.3885, -0.1536, 0.6961
-0.3458, -0.0886, 0.7130
-0.2971, -0.0066, 0.7281
-0.2438, 0.0789, 0.7398
-0.1870, 0.1538, 0.7479
-0.1254, 0.2212, 0.7518
-0.0592, 0.3125, 0.7511
0.0117, 0.4245, 0.7452
0.0891, 0.5258, 0.7351
0.1706, 0.6213, 0.7197
0.2562, 0.7391, 0.6973
0.3465, 0.8745, 0.6666
0.4391, 1.0275, 0.6284
0.5370, 1.2022, 0.5801
0.6414, 1.3881, 0.5213
0.7511, 1.6121, 0.4484
0.8648, 1.8666, 0.3579
0.9833, 2.1311, 0.2469
1.1041, 2.4091, 0.1141
1.2249, 2.7118, -0.0386
1.3457, 3.0719, -0.2100
1.4706, 3.4603, -0.4021
1.5996, 3.8474, -0.6152
1.7340, 4.2463, -0.8530
1.8782, 4.6528, -1.1161
2.0325, 5.0834, -1.4055
2.1991, 5.5445, -1.7237
2.3821, 5.9951, -2.0719
2.5810, 6.4210, -2.4529
2.7933, 6.8322, -2.8638
3.0239, 7.2628, -3.2999
3.2738, 7.7104, -3.7590
3.5454, 8.1745, -4.2398
3.8400, 8.6379, -4.7370
4.1462, 9.1090, -5.2483
4.4572, 9.6147, -5.7689
4.7670, 10.1627, -6.2961
5.0744, 10.7282, -6.8203
5.3842, 11.3402, -7.3363
5.7028, 11.9856, -7.8370
6.0378, 12.6574, -8.3172
6.3975, 13.3251, -8.7703
6.7800, 13.9757, -9.1965
7.1884, 14.6241, -9.5940
7.6279, 15.2066, -9.9609
8.0961, 15.6625, -10.3020
8.5890, 16.0966, -10.6260
9.1095, 16.5553, -10.9390
9.6663, 16.9560, -11.2437
10.2555, 17.3097, -11.5443
10.8692, 17.7280, -11.8466
11.5100, 18.2478, -12.1572
12.1854, 18.5035, -12.4643
12.8749, 18.6512, -12.7701
13.5744, 18.7960, -13.0737
14.2903, 18.9167, -13.3702
15.0238, 19.0451, -13.6602
15.7737, 19.1699, -13.9391
16.5460, 19.2894, -14.2015
17.3499, 19.4324, -14.4517
18.1920, 19.5620, -14.6865
19.0693, 19.6739, -14.8979
19.9794, 19.7171, -15.0864
20.9189, 19.6818, -15.2550
21.8884, 19.5971, -15.4042
22.8872, 19.4960, -15.5334
23.9112, 19.4130, -15.6403
24.9610, 19.3952, -15.7273
26.0308, 19.3968, -15.7996
27.1047, 19.3673, -15.8578
28.1692, 19.3008, -15.9025
29.2155, 19.1797, -15.9320
30.2430, 19.0041, -15.9474
31.2494, 18.7668, -15.9463
32.2341, 18.4973, -15.9247
33.1912, 18.1561, -15.8755
34.1079, 17.8150, -15.7970
34.9799, 17.5190, -15.6780
35.8055, 17.2753, -15.5114
36.5889, 17.0961, -15.2915
37.3383, 16.9809, -15.0111
38.0577, 16.9120, -14.6690
38.7530, 16.8696, -14.2707
39.4314, 16.8342, -13.8253
40.0904, 16.8211, -13.3442
40.7446, 16.8280, -12.8255
41.3948, 16.8214, -12.2810
42.0485, 16.8206, -11.7219
42.7063, 16.7946, -11.1556
43.3641, 16.7557, -10.5888
44.0201, 16.6898, -10.0297
44.6727, 16.5775, -9.4852
45.3252, 16.3919, -8.9606
45.9859, 16.1300, -8.4584
46.6631, 15.7988, -7.9808
47.3614, 15.3925, -7.5266
48.0855, 14.9222, -7.0889
48.8401, 14.4174, -6.6606
49.6223, 13.9078, -6.2323
50.4192, 13.4563, -5.8046
51.2255, 13.0570, -5.3781
52.0359, 12.6672, -4.9562
52.8463, 12.2486, -4.5373
53.6467, 11.7759, -4.1155
54.4172, 11.2675, -3.6854
55.1384, 10.7468, -3.2401
55.7950, 10.2167, -2.7748
56.3742, 9.7018, -2.2872
56.8723, 9.2128, -1.7762
57.2907, 8.7331, -1.2411
57.6333, 8.2634, -0.6813
57.9038, 7.8067, -0.0987
58.1015, 7.3587, 0.5034
58.2270, 6.8878, 1.1171
58.2826, 6.3818, 1.7379
58.2749, 5.8475, 2.3628
58.2120, 5.2957, 2.9942
58.1010, 4.7415, 3.6414
57.9478, 4.2132, 4.3162
57.7552, 3.7312, 5.0268
57.5221, 3.3301, 5.7779
57.2432, 3.0682, 6.5683
56.9180, 2.9712, 7.3921
56.5494, 2.9992, 8.2400
56.1402, 3.0560, 9.1032
55.6953, 3.1051, 9.9775
55.2199, 3.1577, 10.8601
54.7203, 3.2274, 11.7444
54.2026, 3.3135, 12.6246
53.6720, 3.4072, 13.4942
53.1332, 3.5086, 14.3457
52.5896, 3.6334, 15.1701
52.0402, 3.7799, 15.9635
51.4844, 3.9329, 16.7233
50.9173, 4.0448, 17.4451
50.3404, 4.1292, 18.1257
49.7505, 4.2135, 18.7659
49.1394, 4.2984, 19.3656
48.5008, 4.3740, 19.9283
47.8299, 4.4436, 20.4563
47.1285, 4.5233, 20.9533
46.4019, 4.6328, 21.4221
45.6471, 4.7888, 21.8616
44.8782, 4.9793, 22.2728
44.1028, 5.2022, 22.6589
43.3234, 5.4567, 23.0203
42.5404, 5.7406, 23.3565
41.7492, 6.0720, 23.6668
40.9439, 6.4480, 23.9496
40.1216, 6.8275, 24.2018
39.2805, 7.1935, 24.4176
38.4201, 7.5578, 24.5948
37.5426, 7.9514, 24.7308
36.6540, 8.3814, 24.8240
35.7554, 8.8150, 24.8732
34.8503, 9.2150, 24.8760
33.9470, 9.5664, 24.8325
33.0525, 9.8843, 24.7455
32.1716, 10.2028, 24.6204
31.3070, 10.5424, 24.4612
30.4612, 10.8879, 24.2715
29.6325, 11.2282, 24.0543
28.8154, 11.5631, 23.8094
28.0143, 11.9045, 23.5387
27.2237, 12.2846, 23.2423
26.4436, 12.7023, 22.9182
25.6765, 13.1252, 22.5683
24.9234, 13.5276, 22.1990
24.1886, 13.9154, 21.8180
23.4754, 14.3208, 21.4329
22.7805, 14.7631, 21.0449
22.0984, 15.2289, 20.6545
21.4322, 15.6970, 20.2565
20.7713, 16.1628, 19.8408
20.1192, 16.6116, 19.4047
19.4771, 17.0111, 18.9462
18.8473, 17.3449, 18.4695
18.2333, 17.6182, 17.9817
17.6352, 17.8698, 17.4939
17.0541, 18.1595, 17.0131
16.4906, 18.5044, 16.5418
15.9424, 18.8857, 16.0768
15.4094, 19.2834, 15.6148
14.8988, 19.6776, 15.1517
14.4151, 20.0625, 14.6879
13.9602, 20.4314, 14.2248
13.5387, 20.7587, 13.7645
13.1513, 21.0408, 13.3119
12.8002, 21.3024, 12.8746
12.4844, 21.5646, 12.4601
12.2026, 21.8068, 12.0715
11.9543, 22.0290, 11.7111
11.7400, 22.2665, 11.3817
11.5638, 22.5451, 11.0882
11.4311, 22.8272, 10.8368
11.3418, 23.0964, 10.6331
11.2977, 23.3727, 10.4763
11.2994, 23.6630, 10.3664
11.3374, 23.9774, 10.2982
11.4054, 24.2877, 10.2664
11.4969, 24.5710, 10.2610
11.6071, 24.8478, 10.2738
11.7321, 25.1211, 10.2989
11.8716, 25.3768, 10.3323
12.0259, 25.6084, 10.3732
12.1925, 25.8178, 10.4177
12.3649, 25.9884, 10.4622
12.5368, 26.1132, 10.5026
12.7005, 26.2028, 10.5359
12.8524, 26.2690, 10.5598
12.9890, 26.3199, 10.5750
13.1092, 26.3613, 10.5813
13.2136, 26.3852, 10.5812
13.3022, 26.3915, 10.5758
13.3789, 26.3855, 10.5710
13.4417, 26.3829, 10.5703
13.4862, 26.3927, 10.5766
13.5154, 26.4078, 10.5900
13.5288, 26.4311, 10.6081
13.5317, 26.4533, 10.6297
13.5269, 26.4724, 10.6542
13.5186, 26.4940, 10.6805
13.5085, 26.5214, 10.7086
13.4985, 26.5453, 10.7378
13.4878, 26.5639, 10.7682
13.4772, 26.5854, 10.7998
13.4677, 26.6187, 10.8343
13.4564, 26.6643, 10.8752
gravity:
-0.1473, -0.9188, 0.4786
-0.1472, -0.9280, 0.4719
-0.1549, -0.9287, 0.4857
-0.1649, -0.9274, 0.5081
-0.1697, -0.9279, 0.5292
-0.1597, -0.9197, 0.5481
-0.1600, -0.9231, 0.5642
-0.1650, -0.9156, 0.5786
-0.1569, -0.9159, 0.5725
-0.1431, -0.9180, 0.5500
-0.1245, -0.9182, 0.5173
-0.1117, -0.9279, 0.4921
-0.0907, -0.9197, 0.4806
-0.0710, -0.9235, 0.4636
-0.0770, -0.9214, 0.4489
-0.0740, -0.9160, 0.4316
-0.0687, -0.9131, 0.4047
-0.0887, -0.9158, 0.3842
-0.1041, -0.9156, 0.3682
-0.1353, -0.9141, 0.3708
-0.1525, -0.9078, 0.3816
-0.1719, -0.9076, 0.3945
-0.1765, -0.9008, 0.4094
-0.1573, -0.8993, 0.4105
-0.1526, -0.9036, 0.4150
-0.1366, -0.9034, 0.4218
-0.1477, -0.9065, 0.4169
-0.1532, -0.9102, 0.4092
-0.1440, -0.9164, 0.3962
-0.1698, -0.9219, 0.3979
-0.1816, -0.9189, 0.4165
-0.2042, -0.9203, 0.4230
-0.2194, -0.9231, 0.4175
-0.1992, -0.9263, 0.4128
-0.2175, -0.9312, 0.4061
-0.2511, -0.9382, 0.4127
-0.2634, -0.9359, 0.4288
-0.2758, -0.9362, 0.4288
-0.3099, -0.9429, 0.4381
-0.3278, -0.9457, 0.4480
-0.3639, -0.9596, 0.4376
-0.4110, -0.9617, 0.4458
-0.4226, -0.9749, 0.4563
-0.4789, -0.9602, 0.4645
-0.5166, -0.9580, 0.4791
-0.5343, -0.9524, 0.4868
-0.5453, -0.9283, 0.5068
-0.5305, -0.9214, 0.5049
-0.5757, -0.9286, 0.4910
-0.6021, -0.9174, 0.4882
-0.6075, -0.8962, 0.4751
-0.6161, -0.8872, 0.4568
-0.6067, -0.8676, 0.4515
-0.6078, -0.8322, 0.4406
-0.6378, -0.8213, 0.4203
-0.6343, -0.8008, 0.4276
-0.5900, -0.7778, 0.4224
-0.5149, -0.7578, 0.3923
-0.4814, -0.7441, 0.3816
-0.4125, -0.7192, 0.3768
-0.3892, -0.6761, 0.3994
-0.3231, -0.6545, 0.4703
-0.2318, -0.6173, 0.5184
-0.1846, -0.5892, 0.5439
-0.1332, -0.5240, 0.5299
-0.0289, -0.5461, 0.4727
0.0088, -0.5428, 0.4066
0.0880, -0.5221, 0.3289
0.0978, -0.5171, 0.2855
0.1318, -0.4833, 0.2772
0.1622, -0.4520, 0.2545
0.1372, -0.4056, 0.2446
0.0978, -0.4182, 0.2466
0.1470, -0.4939, 0.2347
0.1519, -0.4709, 0.2174
0.0956, -0.4829, 0.1973
0.0830, -0.4939, 0.2256
0.1354, -0.4922, 0.2522
0.1511, -0.4884, 0.2722
-0.0760, -0.2563, 0.3370
0.1317, -0.5062, 0.4098
0.2031, -0.3589, 0.4310
0.2152, -0.4004, 0.4088
0.2733, -0.4470, 0.3951
0.3094, -0.4312, 0.3997
0.3527, -0.4529, 0.3734
0.3927, -0.4539, 0.3243
0.3358, -0.4567, 0.3059
0.3969, -0.4651, 0.3287
0.3539, -0.4285, 0.3654
0.3607, -0.4242, 0.3833
0.3612, -0.4106, 0.3895
0.4016, -0.3993, 0.4297
0.4244, -0.4080, 0.4694
0.4564, -0.4215, 0.5166
0.4031, -0.4099, 0.6443
0.3990, -0.3801, 0.8141
0.4612, -0.3623, 0.9493
0.4451, -0.3588, 1.0580
0.4835, -0.3494, 1.1122
0.4817, -0.3588, 1.1642
0.5636, -0.3300, 1.2102
0.5448, -0.3453, 1.3041
0.6602, -0.3182, 1.4001
0.7034, -0.3352, 1.4366
0.7426, -0.4109, 1.4365
0.7778, -0.4515, 1.4163
0.8108, -0.4834, 1.3901
0.7721, -0.4999, 1.3693
0.6940, -0.5013, 1.3287
0.5789, -0.5054, 1.2776
0.4839, -0.5070, 1.2322
0.4319, -0.5146, 1.1779
0.2894, -0.5112, 1.0913
0.2330, -0.5134, 1.0292
0.1102, -0.5009, 1.0348
0.0494, -0.4718, 1.0742
-0.0308, -0.4689, 1.0797
-0.1064, -0.4691, 1.0743
-0.1589, -0.4617, 1.0483
-0.1831, -0.4926, 0.9882
-0.1826, -0.4932, 0.9263
-0.1587, -0.5168, 0.8779
-0.0931, -0.5302, 0.8478
-0.0085, -0.5465, 0.8182
0.0580, -0.5485, 0.8680
0.1115, -0.5193, 0.9574
0.0901, -0.5005, 1.0356
0.0775, -0.4734, 1.1241
0.1051, -0.4567, 1.2135
0.1602, -0.4291, 1.3779
0.2406, -0.3704, 1.5887
0.3164, -0.3428, 1.7816
0.3585, -0.3030, 1.9496
0.4302, -0.2802, 2.0647
0.4602, -0.2600, 2.1295
0.4709, -0.2408, 2.1469
0.5009, -0.2294, 2.1261
0.4990, -0.2146, 2.1097
0.4883, -0.1908, 2.1157
0.4271, -0.1852, 2.1117
0.3997, -0.1617, 2.0968
0.4039, -0.1451, 2.0525
0.4446, -0.1449, 1.9836
0.5217, -0.1372, 1.9202
0.6200, -0.1332, 1.8553
0.6763, -0.1167, 1.8223
0.7072, -0.0892, 1.8159
0.7115, -0.0730, 1.7993
0.6666, -0.0536, 1.7689
0.5580, -0.0388, 1.7284
0.4122, -0.0359, 1.6842
0.3367, -0.0441, 1.6382
0.2881, -0.0487, 1.5723
0.2295, -0.0646, 1.4982
0.1582, -0.0822, 1.4395
0.0743, -0.0923, 1.3867
-0.0059, -0.0981, 1.3409
-0.0781, -0.1172, 1.3003
-0.1321, -0.1025, 1.3065
-0.1851, -0.1135, 1.3131
-0.2800, -0.1205, 1.3221
-0.3042, -0.1023, 1.3318
-0.3175, -0.1008, 1.3606
-0.3341, -0.1077, 1.4089
-0.3401, -0.1073, 1.4419
-0.3342, -0.0930, 1.4515
-0.3121, -0.0978, 1.4348
-0.3009, -0.0858, 1.3873
-0.3108, -0.1066, 1.3052
-0.3097, -0.1346, 1.2222
-0.3051, -0.1431, 1.1488
-0.3062, -0.1543, 1.1034
-0.3124, -0.1582, 1.0854
-0.3058, -0.1390, 1.0936
-0.3253, -0.1187, 1.1199
-0.3828, -0.1134, 1.1312
-0.4354, -0.1149, 1.1178
-0.4526, -0.1230, 1.0914
-0.4563, -0.1207, 1.0521
-0.4579, -0.1272, 1.0049
-0.4999, -0.1370, 0.9575
-0.5286, -0.1450, 0.9006
-0.5315, -0.1598, 0.8248
-0.4965, -0.1754, 0.7515
-0.4435, -0.1987, 0.6909
-0.3942, -0.2335, 0.6317
-0.3762, -0.2565, 0.5956
-0.3632, -0.2822, 0.5789
-0.3447, -0.2892, 0.5729
-0.3271, -0.2797, 0.5797
-0.2991, -0.2788, 0.5817
-0.2966, -0.2659, 0.5728
-0.2849, -0.2843, 0.5319
-0.2517, -0.3208, 0.4875
-0.1917, -0.3297, 0.4468
-0.1235, -0.3535, 0.4106
-0.0844, -0.3750, 0.4175
-0.0944, -0.3696, 0.4283
-0.1234, -0.3777, 0.4156
-0.1530, -0.3674, 0.4122
-0.1691, -0.3669, 0.4030
-0.1785, -0.3682, 0.3770
-0.1425, -0.3984, 0.3390
-0.0845, -0.4142, 0.3026
0.0223, -0.4498, 0.2732
0.1244, -0.4823, 0.2506
0.1622, -0.5034, 0.2288
0.1515, -0.5159, 0.2365
0.1293, -0.5159, 0.2135
0.1268, -0.5520, 0.1486
0.1365, -0.5696, 0.1110
0.1680, -0.5787, 0.0824
0.1927, -0.6122, 0.0446
0.2389, -0.6454, 0.0206
0.3345, -0.6725, -0.0033
0.4144, -0.7317, -0.0098
0.4459, -0.7634, -0.0176
0.4766, -0.8173, -0.0255
0.5472, -0.8257, -0.0319
0.6067, -0.8702, -0.0624
0.6348, -0.9229, -0.0861
0.6617, -0.9489, -0.0848
0.6815, -0.9802, -0.0962
0.6536, -1.0032, -0.0602
0.6261, -1.0061, 0.0146
0.5610, -1.0209, 0.0732
0.4771, -1.0167, 0.1498
0.4225, -1.0079, 0.2068
0.3690, -1.0071, 0.2417
0.3213, -1.0077, 0.2753
0.2865, -1.0066, 0.3069
0.2611, -1.0059, 0.3468
0.2040, -1.0101, 0.4235
0.1626, -0.9912, 0.4939
0.1345, -0.9879, 0.5553
0.0000, 0.0000, 0.0000
